0.0,5.0,12.636,0.995,48.396,23.0889,22.9698,22.9553,23.0395,23.1568,22.825,22.887,22.8749,22.7759,22.7629,22.691,22.9496,22.7817,23.307,23.5098,23.7371,24.1119
1.0,5.0,12.636,0.995,48.396,23.1597,23.0011,22.9753,23.0483,23.1216,22.6894,22.7281,22.7053,22.6018,22.5874,22.5166,22.7719,22.6077,23.1259,23.3329,23.5558,23.9245
2.0,5.0,12.636,0.904,48.396,26.3623,26.271,26.2894,26.3853,26.4701,26.029,26.1053,26.1474,26.1441,26.2142,26.2237,26.5191,26.3507,26.8681,27.0871,27.3228,27.7321
3.0,5.0,12.636,0.995,48.396,26.5783,26.4906,26.503,26.5972,26.6589,26.1558,26.2085,26.2365,26.2266,26.3009,26.2999,26.5752,26.4144,26.9166,27.1384,27.3665,27.757
1228.0,5.0,12.636,0.995,48.396,22.7953,22.5806,22.5249,22.5803,22.5654,21.9402,21.9434,21.9127,21.8085,21.7974,21.7284,21.968,21.8149,22.3114,22.5279,22.7378,23.0849
2102.0,5.0,12.636,0.995,48.396,23.5946,23.4605,23.4422,23.5229,23.6246,23.2598,23.3156,23.3014,23.2019,23.1891,23.1184,23.3769,23.2103,23.7343,23.9389,24.1636,24.5369
2103.0,5.0,12.636,0.995,48.396,24.5801,24.4765,24.4923,24.5838,24.6604,24.2078,24.2846,24.3268,24.3215,24.3892,24.3984,24.6964,24.527,25.047,25.2657,25.5023,25.9148
3119.0,5.0,12.636,0.995,48.396,23.4793,23.3537,23.3362,23.4188,23.5259,23.1684,23.225,23.2119,23.113,23.1006,23.0297,23.2868,23.1207,23.6435,23.848,24.0724,24.4444
3120.0,5.0,12.636,0.904,48.396,23.9826,23.9058,23.9306,24.0343,24.1427,23.7574,23.8483,23.8999,23.904,23.9767,23.9924,24.2956,24.1243,24.6486,24.8658,25.104,25.5221
4232.0,5.0,12.636,0.904,48.396,23.0842,22.8495,22.7949,22.8492,22.8338,22.2236,22.2347,22.207,22.1042,22.094,22.0268,22.2715,22.1163,22.6186,22.8339,23.045,23.3976
4906.0,5.0,12.636,0.995,48.396,23.433,23.2785,23.254,23.328,23.4055,22.9832,23.0238,23.0018,22.8985,22.8841,22.8129,23.0683,22.9039,23.4226,23.6294,23.8527,24.2218
4908.0,5.0,12.636,0.995,48.396,27.3963,27.2962,27.304,27.3909,27.4366,26.8984,26.9412,26.9624,26.9458,27.0121,27.007,27.2815,27.1214,27.6189,27.845,28.0737,28.4586
5663.0,5.0,12.636,0.995,48.396,22.7059,22.6311,22.6279,22.7245,22.8907,22.6825,22.7738,22.7769,22.6846,22.6731,22.5988,22.8592,22.6874,23.2202,23.418,23.6496,24.0296
6099.0,5.0,12.636,0.995,48.396,23.4736,23.3493,23.3324,23.4149,23.5234,23.1689,23.2251,23.2112,23.1117,23.0987,23.0272,23.2842,23.1179,23.6406,23.845,24.07,24.442
6712.0,5.0,12.636,0.904,48.396,24.016,23.9715,24.0055,24.123,24.2668,23.9544,24.057,24.1165,24.1307,24.2076,24.2294,24.5351,24.3631,24.8857,25.1054,25.3452,25.7617
6713.0,5.0,12.636,0.995,48.396,26.6818,26.6251,26.6815,26.7999,26.8722,26.3973,26.4559,26.5046,26.504,26.589,26.616,26.9263,26.7534,27.2548,27.4905,27.7423,28.1535
7371.0,5.0,12.636,0.995,48.396,23.4089,23.3574,23.3905,23.5049,23.646,23.3292,23.4335,23.4936,23.506,23.5773,23.6002,23.9126,23.7382,24.2634,24.4843,24.7274,25.1475
7818.0,5.0,12.636,0.904,48.396,23.259,23.0679,23.0162,23.0731,23.0705,22.4525,22.4483,22.4115,22.3033,22.2886,22.2164,22.4537,22.3004,22.7945,23.0103,23.2224,23.568
8136.0,5.0,12.636,0.995,48.396,24.9363,24.9492,25.0304,25.1861,25.3442,25.0557,25.1666,25.2643,25.3075,25.4196,25.4852,25.8163,25.6367,26.1463,26.3889,26.6431,27.0588
8705.0,5.0,12.636,0.904,48.396,25.6696,25.6406,25.7088,25.8417,25.9561,25.567,25.6483,25.7155,25.7328,25.8169,25.8601,26.1873,26.0085,26.5192,26.7568,27.0119,27.4327
9094.0,5.0,12.636,0.995,48.396,24.6195,24.5165,24.5334,24.6251,24.7062,24.263,24.3426,24.3865,24.3815,24.4467,24.4574,24.7593,24.5885,25.1099,25.3295,25.5681,25.9826
9600.0,5.0,12.636,0.995,48.396,24.0211,24.0023,24.0455,24.1754,24.3576,24.14,24.2647,24.3391,24.3686,24.4488,24.4828,24.8014,24.625,25.1523,25.3739,25.6196,26.0431
10049.0,5.0,12.636,0.995,48.396,23.2231,23.0589,23.0357,23.1084,23.1866,22.7758,22.8196,22.7966,22.6923,22.6768,22.6063,22.8666,22.6999,23.224,23.4292,23.6547,24.0298
10293.0,5.0,12.636,0.904,48.396,26.143,26.073,26.0946,26.198,26.293,25.862,25.9318,25.97,25.967,26.0402,26.046,26.3315,26.167,26.6754,26.8977,27.1298,27.5279
10294.0,5.0,12.636,0.995,48.396,25.7144,25.7123,25.7871,25.9334,26.0647,25.7106,25.7994,25.877,25.9022,26.0052,26.0548,26.374,26.1985,26.701,26.9435,27.1947,27.6022
10653.0,5.0,12.636,0.904,48.396,23.1079,23.0848,23.1272,23.2551,23.4339,23.2092,23.3338,23.4079,23.4359,23.5139,23.5478,23.8687,23.6914,24.2203,24.4418,24.6884,25.114
10871.0,5.0,12.636,0.995,48.396,24.825,24.7863,24.8231,24.9429,25.0982,24.8105,24.9183,24.9806,24.9967,25.0682,25.0933,25.4069,25.2324,25.7551,25.9784,26.2225,26.6401
11124.0,5.0,12.636,0.995,48.396,25.6949,25.6713,25.7391,25.8738,25.9796,25.5695,25.6416,25.7034,25.7155,25.8061,25.8454,26.1622,25.9874,26.4895,26.7299,26.9811,27.3896
11452.0,5.0,12.636,0.995,48.396,23.963,23.9492,23.9933,24.1251,24.3103,24.096,24.2185,24.2915,24.3218,24.4034,24.4368,24.7524,24.5772,25.1007,25.3233,25.5678,25.9868
11703.0,5.0,12.636,0.904,48.396,25.0031,24.8515,24.8266,24.9023,24.9803,24.5599,24.6032,24.5848,24.4839,24.4712,24.4013,24.6561,24.4927,25.0111,25.2188,25.4395,25.8072
11873.0,5.0,12.636,0.995,48.396,26.6882,26.6401,26.6985,26.8196,26.8918,26.4123,26.4652,26.5105,26.5083,26.5922,26.6194,26.9276,26.7558,27.2532,27.4931,27.7426,28.1458
12234.0,5.0,12.636,0.995,48.396,24.2339,23.9999,23.9511,24.0055,24.0022,23.4201,23.4324,23.401,23.295,23.2817,23.2131,23.4622,23.3041,23.8116,24.0248,24.2399,24.5984
12396.0,5.0,12.636,0.995,48.396,25.2997,25.2535,25.315,25.4385,25.5278,25.0851,25.1503,25.2039,25.2093,25.2891,25.3227,25.642,25.466,25.9718,26.2094,26.4624,26.8773
12561.0,5.0,12.636,0.904,48.396,25.1616,25.0819,25.1043,25.2056,25.3041,24.8923,24.9741,25.0198,25.0202,25.0922,25.104,25.4012,25.2322,25.751,25.9696,26.2057,26.6168
12791.0,5.0,12.636,0.904,48.396,24.5365,24.486,24.52,24.6347,24.7792,24.4691,24.5752,24.6363,24.6492,24.7181,24.7425,25.0584,24.8828,25.4083,25.6305,25.8756,26.2965
13037.0,5.0,12.636,0.995,48.396,24.4684,24.3755,24.3932,24.4888,24.5708,24.1258,24.2015,24.2433,24.24,24.3118,24.3207,24.6146,24.4467,24.9644,25.1823,25.4169,25.8265
13613.0,5.0,12.636,0.995,48.396,24.8114,24.7478,24.7747,24.8828,24.9984,24.6197,24.7067,24.7558,24.7606,24.8345,24.849,25.1473,24.978,25.496,25.7156,25.9524,26.3629
13867.0,5.0,12.636,0.995,48.396,25.1696,25.0029,24.9749,25.0465,25.1117,24.6649,24.7021,24.6796,24.5766,24.5629,24.4928,24.7476,24.5845,25.1018,25.3101,25.5312,25.8989
14025.0,5.0,12.636,0.995,48.396,25.2683,25.2277,25.2616,25.3801,25.5226,25.2018,25.2993,25.3556,25.3691,25.4482,25.4678,25.7676,25.5979,26.116,26.336,26.5735,26.9843
14236.0,5.0,12.636,0.995,48.396,26.0972,26.026,26.0504,26.1546,26.2613,25.8613,25.9436,25.9894,25.9906,26.0612,26.0736,26.3714,26.2024,26.7187,26.9397,27.1768,27.5852
14524.0,5.0,12.636,0.995,48.396,26.4344,26.3595,26.3793,26.4801,26.5683,26.1218,26.1881,26.224,26.2192,26.2909,26.2957,26.581,26.4167,26.924,27.1466,27.3788,27.7757
14808.0,5.0,12.636,0.995,48.396,24.6987,24.6474,24.6794,24.7934,24.9292,24.5968,24.6949,24.7511,24.7617,24.8351,24.8549,25.1608,24.9889,25.5102,25.7308,25.971,26.386
15025.0,5.0,12.636,0.995,48.396,23.9625,23.7999,23.7668,23.837,23.8898,23.4021,23.429,23.4046,23.3016,23.2887,23.2178,23.4653,23.306,23.8145,24.0255,24.243,24.6016
15211.0,5.0,12.636,0.995,48.396,25.9025,25.8869,25.9582,26.098,26.2202,25.848,25.9337,26.0069,26.0282,26.1237,26.1701,26.493,26.3159,26.8228,27.0617,27.3151,27.7303
15483.0,5.0,12.636,0.995,48.396,26.2956,26.2561,26.316,26.4421,26.5161,26.0428,26.098,26.147,26.1466,26.241,26.2696,26.5736,26.4032,26.8981,27.1368,27.3853,27.7863
15716.0,5.0,12.636,0.995,48.396,25.3327,25.2719,25.3005,25.4103,25.5334,25.1735,25.2663,25.3192,25.3262,25.3997,25.4166,25.7189,25.5482,26.069,26.2887,26.5272,26.9412
15936.0,5.0,12.636,0.995,48.396,24.5975,24.4058,24.3707,24.4361,24.4758,23.9797,24.0072,23.9813,23.8771,23.8633,23.7941,24.0476,23.8862,24.401,24.6112,24.8291,25.1939
16043.0,5.0,12.636,0.904,48.396,26.1226,26.2054,26.3621,26.5851,26.8178,26.6019,26.7649,26.9013,27.0315,27.3415,27.5418,27.9073,27.7161,28.1866,28.4934,28.7472,29.1275
16281.0,5.0,12.636,0.995,48.396,25.0905,25.0032,25.0219,25.1191,25.2046,24.7618,24.8356,24.8762,24.8727,24.9436,24.9522,25.2455,25.078,25.593,25.8126,26.0475,26.4541
16493.0,5.0,12.636,0.995,48.396,26.0447,25.9772,25.9995,26.1042,26.2021,25.777,25.8484,25.8878,25.8864,25.9611,25.968,26.254,26.0893,26.5984,26.8198,27.052,27.4511
16798.0,5.0,12.636,0.995,48.396,26.4986,26.4344,26.486,26.6004,26.6497,26.1324,26.1794,26.2207,26.2131,26.3046,26.3266,26.6277,26.4581,26.9534,27.1885,27.4378,27.8419
17006.0,5.0,12.636,0.995,48.396,26.3913,26.4005,26.4797,26.6327,26.781,26.4672,26.5686,26.658,26.6938,26.8031,26.8621,27.187,27.0097,27.515,27.7583,28.0107,28.4207
17298.0,5.0,12.636,0.995,48.396,24.5935,24.4945,24.5075,24.5992,24.6627,24.1744,24.2369,24.2707,24.263,24.3365,24.3401,24.6243,24.4601,24.9708,25.1892,25.42,25.8212
17455.0,5.0,12.636,0.995,48.396,25.051,25.0416,25.1162,25.2596,25.3964,25.0576,25.1537,25.235,25.2644,25.3583,25.4116,25.743,25.5629,26.075,26.3145,26.5699,26.9911
17856.0,5.0,12.636,0.995,48.396,24.8969,24.8766,24.9181,25.0464,25.2207,24.9769,25.0915,25.159,25.1838,25.2635,25.2923,25.6033,25.4298,25.9509,26.1736,26.4162,26.8317
18062.0,5.0,12.636,0.995,48.396,25.5991,25.5314,25.5546,25.66,25.7602,25.3434,25.4186,25.4605,25.4616,25.5386,25.5482,25.8368,25.6711,26.1835,26.4022,26.6347,27.0383
18366.0,5.0,12.636,0.904,48.396,25.3358,25.2688,25.2944,25.401,25.5118,25.1233,25.2083,25.2562,25.2597,25.334,25.3472,25.6437,25.475,25.9926,26.212,26.448,26.8577
18812.0,5.0,12.636,0.904,48.396,26.9202,26.8345,26.8496,26.9467,27.0166,26.5384,26.6001,26.6337,26.6285,26.7079,26.7106,26.9889,26.8267,27.3351,27.5523,27.7802,28.1782
19362.0,5.0,12.636,0.995,48.396,26.1318,26.0452,26.061,26.1568,26.2307,25.7565,25.8183,25.8514,25.844,25.9155,25.9186,26.202,26.0383,26.5455,26.7671,26.9983,27.3951
19513.0,5.0,12.636,0.995,48.396,25.5003,25.4152,25.4334,25.5317,25.614,25.1654,25.237,25.2766,25.2739,25.3499,25.357,25.6444,25.4789,25.9929,26.2103,26.442,26.847
19668.0,5.0,12.636,0.904,48.396,25.7887,25.7126,25.7359,25.8387,25.9407,25.5354,25.6182,25.6646,25.666,25.7388,25.7511,26.0483,25.8793,26.3979,26.6166,26.8527,27.2637
19831.0,5.0,12.636,0.904,48.396,26.6078,26.5624,26.6217,26.7452,26.8235,26.3593,26.4196,26.4711,26.4726,26.563,26.5922,26.9005,26.7284,27.2274,27.4648,27.7153,28.1223
20479.0,5.0,12.636,0.995,48.396,26.1759,26.1149,26.1414,26.2506,26.3639,25.9792,26.0629,26.1102,26.115,26.1929,26.2054,26.4978,26.3306,26.8465,27.065,27.2989,27.7064
20684.0,5.0,12.636,0.995,48.396,25.0961,25.0162,25.0361,25.1366,25.2263,24.7926,24.8669,24.9082,24.9061,24.981,24.9886,25.2771,25.1113,25.6253,25.8442,26.0768,26.4816
20809.0,5.0,12.636,0.995,48.396,25.6643,25.5838,25.6062,25.7075,25.8075,25.4002,25.4846,25.532,25.5329,25.6047,25.6175,25.9164,25.7467,26.2672,26.4857,26.7226,27.1358
20949.0,5.0,12.636,0.995,48.396,25.9638,25.9355,26.0015,26.1341,26.2341,25.8136,25.8838,25.9441,25.9543,26.046,26.0837,26.3992,26.2247,26.7269,26.9655,27.217,27.6268
21127.0,5.0,12.636,0.995,48.396,26.0052,25.9978,26.0707,26.214,26.3384,25.9685,26.0526,26.1257,26.1471,26.2471,26.2935,26.6115,26.4364,26.9384,27.1803,27.4315,27.8388
21755.0,5.0,12.636,0.995,48.396,26.0109,25.9857,26.0531,26.188,26.2966,25.8964,25.9755,26.0429,26.0583,26.1544,26.1954,26.5133,26.3378,26.8428,27.0795,27.3325,27.7471
21873.0,5.0,12.636,0.995,48.396,26.3201,26.3235,26.4002,26.5494,26.6886,26.3518,26.4452,26.5269,26.5559,26.66,26.7126,27.0334,26.8576,27.3602,27.6045,27.8556,28.2621
22093.0,5.0,12.636,0.995,48.396,24.314,24.2493,24.2756,24.3832,24.4967,24.113,24.1986,24.2468,24.2508,24.3248,24.3383,24.6352,24.4664,24.9837,25.2035,25.4397,25.8492
22205.0,5.0,12.636,0.995,48.396,26.2808,26.2026,26.2514,26.3592,26.4051,25.8814,25.9279,25.9667,25.9576,26.0403,26.0609,26.3666,26.1952,26.6942,26.9288,27.1797,27.5886
22536.0,5.0,12.636,0.995,48.396,25.4302,25.3619,25.3859,25.491,25.5949,25.1859,25.2639,25.3073,25.3086,25.3822,25.3933,25.6866,25.5193,26.0327,26.2529,26.4878,26.8929
22679.0,5.0,12.636,0.995,48.396,25.6237,25.5071,25.5188,25.6055,25.6673,25.1901,25.2628,25.3026,25.2947,25.3642,25.3706,25.6643,25.4963,26.0166,26.2335,26.4677,26.8799
22989.0,5.0,12.636,0.995,48.396,26.7533,26.682,26.7314,26.8428,26.8852,26.3567,26.4011,26.4403,26.4307,26.5212,26.5422,26.8434,26.6736,27.1696,27.4034,27.653,28.0587
23437.0,5.0,12.636,0.995,48.396,26.8303,26.7896,26.8508,26.9768,27.0615,26.6101,26.6739,26.7283,26.7326,26.8235,26.8552,27.1657,26.9929,27.4929,27.7306,27.9814,28.3893
23634.0,5.0,12.636,0.904,48.396,25.2278,25.1232,25.1363,25.2267,25.2922,24.8144,24.8826,24.9198,24.9126,24.9844,24.9897,25.2787,25.1126,25.6279,25.8458,26.0783,26.4847
23742.0,5.0,12.636,0.995,48.396,26.2372,26.1423,26.1541,26.2459,26.3047,25.8001,25.8552,25.8845,25.8749,25.9486,25.9493,26.228,26.0659,26.571,26.7913,27.0204,27.4148
23960.0,5.0,12.636,0.995,48.396,26.7165,26.6374,26.6844,26.7913,26.8245,26.2773,26.3146,26.3476,26.3342,26.4181,26.4366,26.738,26.5683,27.0633,27.299,27.5479,27.9512
24120.0,5.0,12.636,0.995,48.396,26.8191,26.7642,26.8165,26.9325,26.977,26.4433,26.4799,26.514,26.5016,26.59,26.6085,26.9034,26.7365,27.2243,27.4665,27.7118,28.1025
24273.0,5.0,12.636,0.995,48.396,26.2776,26.1695,26.1767,26.2627,26.3047,25.7706,25.8187,25.8433,25.8294,25.901,25.8979,26.1734,26.0125,26.5159,26.7367,26.9642,27.356
24568.0,5.0,12.636,0.904,48.396,25.8863,25.7874,25.801,25.8929,25.9596,25.4791,25.5444,25.5798,25.5725,25.6449,25.6494,25.9359,25.7708,26.2829,26.5017,26.7335,27.1363
24708.0,5.0,12.636,0.995,48.396,25.6553,25.591,25.6141,25.7194,25.82,25.3958,25.4656,25.5037,25.5017,25.5738,25.5807,25.8676,25.7028,26.2095,26.4329,26.6661,27.0626
25069.0,5.0,12.636,0.995,48.396,26.5339,26.5074,26.5763,26.7104,26.8279,26.4452,26.5282,26.5969,26.6153,26.7,26.7437,27.0708,26.8921,27.4024,27.641,27.8958,28.3157
25849.0,5.0,12.636,0.904,48.396,27.2255,27.1368,27.181,27.2831,27.3119,26.7574,26.795,26.8272,26.8124,26.8941,26.9107,27.2119,27.0422,27.5378,27.7735,28.0228,28.4271
26142.0,5.0,12.636,0.995,48.396,25.9227,25.8169,25.826,25.9136,25.9645,25.4483,25.503,25.5319,25.5202,25.5916,25.5913,25.8712,25.7086,26.2151,26.4357,26.6653,27.061
26267.0,5.0,12.636,0.995,48.396,26.0776,26.0103,26.034,26.1394,26.2422,25.8311,25.9073,25.9495,25.9497,26.0239,26.033,26.3231,26.1569,26.669,26.8897,27.1233,27.5262
26680.0,5.0,12.636,0.904,48.396,26.3279,26.2538,26.2754,26.3785,26.4746,26.0536,26.1303,26.1733,26.1732,26.2495,26.2583,26.5473,26.3813,26.8956,27.1143,27.347,27.7522
26806.0,5.0,12.636,0.995,48.396,26.2012,26.1021,26.1157,26.2074,26.2742,25.7933,25.8586,25.894,25.8868,25.9588,25.9634,26.2504,26.0851,26.5972,26.8161,27.0483,27.451
26945.0,5.0,12.636,0.995,48.396,25.9252,25.8571,25.88,25.985,26.0837,25.6631,25.7372,25.7783,25.7791,25.8563,25.8653,26.153,25.9876,26.4993,26.718,26.9502,27.3528
27628.0,5.0,12.636,0.995,48.396,26.2705,26.2036,26.226,26.3306,26.4287,26.0029,26.073,26.1115,26.109,26.1823,26.1883,26.4736,26.3092,26.8171,27.0397,27.2718,27.6692
27888.0,5.0,12.636,0.995,48.396,26.3243,26.2482,26.266,26.3656,26.4458,25.9792,26.0401,26.073,26.0674,26.1417,26.145,26.4257,26.263,26.7676,26.9892,27.2195,27.6133
28110.0,5.0,12.636,0.995,48.396,26.3044,26.2686,26.3341,26.4628,26.5659,26.1511,26.2231,26.2825,26.2934,26.3733,26.4117,26.7354,26.5579,27.0657,27.3046,27.5582,27.9746
28418.0,5.0,12.636,0.995,48.396,26.5582,26.461,26.4748,26.5683,26.6338,26.1541,26.2194,26.2552,26.2497,26.3274,26.3319,26.6151,26.451,26.9643,27.1799,27.4093,27.8133
28802.0,5.0,12.636,0.995,48.396,26.7341,26.6645,26.6859,26.7891,26.8831,26.4478,26.5163,26.5538,26.551,26.6243,26.6305,26.9161,26.7516,27.2592,27.4813,27.7136,28.111
28918.0,5.0,12.636,0.995,48.396,26.3396,26.2968,26.3566,26.4809,26.557,26.0868,26.1426,26.191,26.1908,26.2793,26.3083,26.6161,26.4444,26.9417,27.1808,27.4302,27.8338
29562.0,5.0,12.636,0.904,48.396,26.2921,26.2234,26.2469,26.3507,26.4528,26.0349,26.1085,26.1487,26.147,26.2159,26.2251,26.5182,26.3512,26.8611,27.0847,27.3204,27.7213
29672.0,5.0,12.636,0.995,48.396,26.0636,25.9939,26.0187,26.1239,26.2324,25.8383,25.9221,25.9692,25.9714,26.0436,26.0563,26.3535,26.1846,26.7019,26.9221,27.1587,27.5681
29780.0,5.0,12.636,0.995,48.396,26.7465,26.6411,26.6582,26.7485,26.8301,26.3858,26.4656,26.5091,26.5033,26.5645,26.5761,26.8819,26.7099,27.2312,27.4524,27.6932,28.108
30532.0,5.0,12.636,0.995,48.396,26.8554,26.7915,26.8458,26.9605,27.0245,26.5338,26.5875,26.6321,26.6285,26.7104,26.7362,27.047,26.8739,27.3754,27.6111,27.8627,28.2738
30933.0,5.0,12.636,0.995,48.396,27.1858,27.0829,27.0936,27.1819,27.2381,26.7295,26.785,26.8141,26.8023,26.8704,26.8711,27.1541,26.9905,27.4965,27.7189,27.9504,28.3457
31501.0,5.0,12.636,0.995,48.396,27.1064,26.9717,26.9722,27.0505,27.072,26.5159,26.568,26.5959,26.5824,26.6603,26.6577,26.9323,26.7711,27.2822,27.4966,27.7223,28.1227
32884.0,5.0,12.636,0.904,48.396,26.6396,26.5526,26.57,26.6669,26.7459,26.2876,26.3558,26.3929,26.3885,26.462,26.4682,26.7559,26.5904,27.1023,27.3212,27.5533,27.9561
34320.0,5.0,12.636,0.995,48.396,25.863,25.7701,25.7839,25.8768,25.9431,25.455,25.5137,25.5449,25.5355,25.606,25.6076,25.8902,25.7268,26.2335,26.4552,26.6859,27.082
34852.0,5.0,12.636,0.995,48.396,27.5155,27.4149,27.4199,27.5054,27.5405,26.9793,27.0142,27.0308,27.0118,27.0795,27.0706,27.3384,27.1808,27.6741,27.9009,28.127,28.5066
36269.0,5.0,12.636,0.995,48.396,26.7285,26.6906,26.7521,26.879,26.962,26.5055,26.5656,26.6175,26.6201,26.711,26.7414,27.0495,26.8777,27.3753,27.6144,27.8641,28.2683
38051.0,5.0,12.636,0.995,48.396,26.6631,26.6012,26.6243,26.7303,26.831,26.4053,26.4731,26.5102,26.5075,26.5802,26.5856,26.8696,26.7059,27.2108,27.435,27.6671,28.0611
38580.0,5.0,12.636,0.995,48.396,26.6045,26.5137,26.5296,26.6248,26.699,26.2313,26.2976,26.3335,26.3276,26.4004,26.4054,26.6917,26.5268,27.038,27.2573,27.4892,27.8909
38661.0,5.0,12.636,0.995,48.396,26.9047,26.8275,26.8436,26.9414,27.0146,26.5298,26.5825,26.6098,26.5998,26.6704,26.6692,26.9456,26.7847,27.2843,27.5093,27.7383,28.1257
39737.0,5.0,12.636,0.904,48.396,27.0757,26.9815,26.993,27.0842,27.1426,26.6336,26.6861,26.7135,26.702,26.7724,26.7716,27.05,26.8882,27.3909,27.6138,27.8435,28.2347
40323.0,5.0,12.636,0.995,48.396,26.6622,26.5747,26.5937,26.6923,26.777,26.3396,26.4163,26.4591,26.4584,26.536,26.5453,26.8361,26.6691,27.1879,27.4027,27.6349,28.0457
41984.0,5.0,12.636,0.995,48.396,27.0453,26.9374,26.9448,27.0302,27.0747,26.543,26.591,26.6154,26.5998,26.6672,26.6636,26.9406,26.7793,27.2817,27.5054,27.7344,28.1248
42817.0,5.0,12.636,0.995,48.396,27.0731,26.9799,26.9892,27.0792,27.1293,26.598,26.6416,26.6636,26.6489,26.7184,26.7137,26.9864,26.8269,27.324,27.5491,27.777,28.1615
42995.0,5.0,12.636,0.995,48.396,27.0508,26.9611,26.9737,27.0676,27.1296,26.6304,26.6858,26.7155,26.7065,26.7821,26.7821,27.0583,26.8971,27.4014,27.6217,27.8498,28.2428
43246.0,5.0,12.636,0.995,48.396,26.2924,26.2169,26.2343,26.3334,26.4122,25.9412,25.9973,26.0268,26.0175,26.0875,26.0874,26.3658,26.2042,26.7053,26.9305,27.1602,27.5493
43748.0,5.0,12.636,0.995,48.396,26.8536,26.7937,26.8174,26.9246,27.0266,26.6043,26.6732,26.711,26.7101,26.7854,26.792,27.0759,26.9122,27.4178,27.6403,27.872,28.2672
51529.0,5.0,12.636,0.995,48.396,27.4175,27.3212,27.3279,27.415,27.4565,26.9043,26.9409,26.9585,26.9404,27.0068,26.9994,27.2696,27.1111,27.6044,27.832,28.0595,28.4393
