0.0,5.0,12.636,0.995,48.396,23.0691,22.9488,22.9314,23.0095,23.1181,22.7911,22.8466,22.8308,22.7312,22.7132,22.6399,22.8802,22.724,23.2078,23.3872,23.5848,23.8991
1.0,5.0,12.636,0.995,48.396,23.1154,22.9552,22.9232,22.9833,23.0407,22.6242,22.6522,22.6231,22.5186,22.4951,22.4215,22.6439,22.5005,22.9456,23.1108,23.2837,23.5537
2.0,5.0,12.636,0.904,48.396,26.313,26.2184,26.2284,26.3093,26.376,25.9545,26.0163,26.0459,26.0325,26.0817,26.0778,26.318,26.1818,26.5897,26.7446,26.904,27.1574
3.0,5.0,12.636,0.995,48.396,26.5044,26.4115,26.412,26.484,26.5221,26.0528,26.0883,26.1013,26.079,26.1254,26.1088,26.3178,26.196,26.5658,26.7089,26.8484,27.0652
1228.0,5.0,12.636,0.995,48.396,22.7484,22.534,22.473,22.5163,22.4914,21.8899,21.8864,21.8513,21.7464,21.7281,21.6568,21.8726,21.7343,22.1773,22.3606,22.5338,22.8087
2102.0,5.0,12.636,0.995,48.396,23.5632,23.4277,23.4049,23.4763,23.5654,23.2095,23.2561,23.2366,23.1362,23.1162,23.0434,23.2753,23.1256,23.5902,23.7612,23.9446,24.2349
2103.0,5.0,12.636,0.995,48.396,24.5564,24.4514,24.4632,24.5472,24.6152,24.1725,24.2422,24.2783,24.268,24.3255,24.328,24.5978,24.4449,24.9079,25.092,25.2861,25.607
3119.0,5.0,12.636,0.995,48.396,23.4506,23.3235,23.3019,23.3758,23.471,23.1214,23.1695,23.1513,23.0516,23.0323,22.9594,23.1918,23.0414,23.5085,23.6814,23.8669,24.1606
3120.0,5.0,12.636,0.904,48.396,23.9657,23.8874,23.909,24.0069,24.1077,23.7283,23.813,23.8591,23.8586,23.9223,23.9319,24.2104,24.0535,24.5277,24.7147,24.9152,25.2507
4232.0,5.0,12.636,0.904,48.396,23.0658,22.832,22.7756,22.8257,22.8069,22.2053,22.2139,22.1846,22.0816,22.0688,22.0008,22.2365,22.0869,22.5687,22.7711,22.9676,23.2902
4906.0,5.0,12.636,0.995,48.396,23.3731,23.2163,23.1831,23.2397,23.2955,22.8935,22.9192,22.8885,22.784,22.7572,22.6823,22.8933,22.7569,23.1781,23.3303,23.4887,23.7324
4908.0,5.0,12.636,0.995,48.396,27.2681,27.1608,27.1495,27.2014,27.2122,26.733,26.7505,26.75,26.716,26.7426,26.7156,26.895,26.7904,27.1035,27.2214,27.3329,27.4997
5663.0,5.0,12.636,0.995,48.396,22.6902,22.6137,22.6078,22.6991,22.8563,22.6488,22.7326,22.7313,22.6381,22.6213,22.5457,22.7869,22.6275,23.1166,23.2905,23.4907,23.8069
6099.0,5.0,12.636,0.995,48.396,23.4489,23.3233,23.3028,23.378,23.4761,23.1284,23.1772,23.159,23.0589,23.04,22.9668,23.2024,23.0497,23.5242,23.701,23.8919,24.1951
6712.0,5.0,12.636,0.904,48.396,24.0001,23.9537,23.9844,24.0958,24.2311,23.9227,24.0179,24.0711,24.0798,24.1464,24.161,24.4387,24.283,24.7496,24.9352,25.1327,25.458
6713.0,5.0,12.636,0.995,48.396,26.634,26.5726,26.6186,26.7199,26.7744,26.3222,26.3676,26.4033,26.3925,26.4549,26.4661,26.7173,26.5783,26.9706,27.1365,27.3046,27.5537
7371.0,5.0,12.636,0.995,48.396,23.3994,23.3468,23.378,23.4888,23.6249,23.3106,23.4104,23.4667,23.4759,23.5412,23.5598,23.8549,23.6906,24.1814,24.3811,24.5972,24.9579
7818.0,5.0,12.636,0.904,48.396,23.1991,23.0074,22.9488,22.9902,22.974,22.3863,22.3741,22.3321,22.2233,22.1998,22.1249,22.3324,22.1978,22.6252,22.8,22.9667,23.2248
8136.0,5.0,12.636,0.995,48.396,24.9182,24.928,25.0044,25.1515,25.2983,25.0141,25.1152,25.2025,25.2366,25.3318,25.3836,25.6706,25.516,25.9458,26.1355,26.3258,26.6141
8705.0,5.0,12.636,0.904,48.396,25.6424,25.6098,25.6714,25.7933,25.8944,25.516,25.5869,25.6438,25.6524,25.72,25.75,26.0304,25.8783,26.3034,26.4856,26.6727,26.9572
9094.0,5.0,12.636,0.995,48.396,24.6053,24.5014,24.516,24.6033,24.6791,24.2417,24.317,24.3571,24.3491,24.4081,24.4147,24.699,24.5385,25.0242,25.2218,25.4328,25.7867
9600.0,5.0,12.636,0.995,48.396,24.0044,23.983,24.0225,24.1455,24.3168,24.1007,24.2154,24.281,24.3026,24.3692,24.393,24.6739,24.5192,24.9732,25.1507,25.3412,25.6478
10049.0,5.0,12.636,0.995,48.396,23.164,22.9978,22.9658,23.0212,23.0777,22.6859,22.7144,22.6828,22.5772,22.5494,22.4749,22.69,22.5517,22.9766,23.1269,23.2863,23.5326
10293.0,5.0,12.636,0.904,48.396,26.0969,26.0228,26.0362,26.1246,26.2013,25.7888,25.8448,25.8711,25.8583,25.9106,25.9038,26.1369,26.0031,26.4069,26.5662,26.7251,26.9757
10294.0,5.0,12.636,0.995,48.396,25.6915,25.6858,25.7547,25.891,26.0098,25.6638,25.7427,25.8102,25.8268,25.9127,25.9491,26.2242,26.074,26.4957,26.6841,26.871,27.1517
10653.0,5.0,12.636,0.904,48.396,23.1014,23.0773,23.1183,23.2436,23.4182,23.1942,23.3149,23.3855,23.4105,23.4833,23.5132,23.8188,23.6503,24.1491,24.352,24.5747,24.947
10871.0,5.0,12.636,0.995,48.396,24.811,24.7706,24.8046,24.919,25.0666,24.7819,24.8829,24.9394,24.9506,25.0129,25.0314,25.3189,25.1594,25.6309,25.8225,26.0268,26.3593
11124.0,5.0,12.636,0.995,48.396,25.6688,25.6417,25.7032,25.8272,25.9207,25.5218,25.5846,25.6372,25.6416,25.7164,25.7438,26.0184,25.8678,26.2922,26.4808,26.6699,26.9553
11452.0,5.0,12.636,0.995,48.396,23.9567,23.942,23.9848,24.114,24.2951,24.0813,24.2001,24.2698,24.2971,24.3736,24.4031,24.704,24.5373,25.032,25.2365,25.458,25.8264
11703.0,5.0,12.636,0.904,48.396,24.9307,24.7776,24.7436,24.8,24.8541,24.4574,24.4841,24.4559,24.3537,24.3271,24.2531,24.4585,24.3261,24.736,24.8832,25.0334,25.2652
11873.0,5.0,12.636,0.995,48.396,26.6379,26.5844,26.6317,26.7344,26.7878,26.3327,26.3721,26.4041,26.3913,26.4516,26.4624,26.7092,26.5726,26.9573,27.1239,27.2875,27.5273
12234.0,5.0,12.636,0.995,48.396,24.1028,23.8728,23.8098,23.8334,23.8035,23.2776,23.271,23.2279,23.1204,23.0885,23.0139,23.1995,23.0808,23.4512,23.5864,23.7162,23.9142
12396.0,5.0,12.636,0.995,48.396,25.2819,25.2337,25.2912,25.4078,25.4895,25.0551,25.1146,25.1626,25.1634,25.2338,25.2603,25.5528,25.3922,25.848,26.0521,26.2635,26.5928
12561.0,5.0,12.636,0.904,48.396,25.1208,25.0377,25.0526,25.1405,25.2222,24.8257,24.894,24.9279,24.9188,24.9714,24.9706,25.2165,25.0774,25.4944,25.6533,25.8178,26.0812
12791.0,5.0,12.636,0.904,48.396,24.513,24.4599,24.4891,24.5952,24.7274,24.4231,24.5184,24.5702,24.5754,24.6301,24.6441,24.9191,24.7671,25.2133,25.3878,25.5736,25.8704
13037.0,5.0,12.636,0.995,48.396,24.4427,24.3479,24.3611,24.4484,24.5206,24.0863,24.1541,24.189,24.1801,24.2402,24.2416,24.5044,24.3547,24.8093,24.9892,25.1774,25.4878
13613.0,5.0,12.636,0.995,48.396,24.7935,24.7281,24.7516,24.8535,24.9609,24.5885,24.6688,24.7122,24.7122,24.7765,24.7845,25.0569,24.9028,25.3685,25.5561,25.7535,26.0794
13867.0,5.0,12.636,0.995,48.396,25.1182,24.9513,24.9172,24.9756,25.0251,24.5966,24.6231,24.5943,24.4907,24.4678,24.3949,24.6162,24.4741,24.9168,25.0823,25.2528,25.5203
14025.0,5.0,12.636,0.995,48.396,25.2437,25.2003,25.2292,25.3387,25.4684,25.1541,25.241,25.2881,25.2937,25.3577,25.367,25.6271,25.4805,25.9195,26.092,26.2718,26.5619
14236.0,5.0,12.636,0.995,48.396,26.0569,25.9822,25.9994,26.0904,26.1801,25.7948,25.8635,25.8978,25.8895,25.9409,25.9408,26.1875,26.0482,26.4637,26.6248,26.7903,27.0525
14524.0,5.0,12.636,0.995,48.396,26.38,26.3006,26.311,26.3945,26.4622,26.0381,26.089,26.1117,26.0961,26.1445,26.1354,26.3622,26.2321,26.6235,26.7768,26.9289,27.1665
14808.0,5.0,12.636,0.995,48.396,24.6824,24.6294,24.6581,24.7663,24.8938,24.566,24.6572,24.7074,24.713,24.7767,24.7898,25.0689,24.9125,25.3804,25.5684,25.768,26.0957
15025.0,5.0,12.636,0.995,48.396,23.737,23.5622,23.4964,23.5033,23.4875,23.0802,23.0618,23.0099,22.9017,22.8491,22.766,22.8881,22.8064,23.0565,23.1333,23.2087,23.3196
15211.0,5.0,12.636,0.995,48.396,25.8744,25.8548,25.9192,26.0471,26.155,25.7933,25.8677,25.9294,25.9411,26.0176,26.0494,26.3219,26.1735,26.5885,26.7675,26.9486,27.221
15483.0,5.0,12.636,0.995,48.396,26.2549,26.2107,26.2614,26.372,26.4302,25.9769,26.0206,26.0582,26.0487,26.1221,26.1365,26.3882,26.248,26.646,26.8208,26.9941,27.2504
15716.0,5.0,12.636,0.995,48.396,25.3149,25.2523,25.2776,25.3812,25.496,25.1419,25.2278,25.2747,25.2767,25.3404,25.3506,25.6261,25.471,25.9379,26.1248,26.3227,26.6491
15936.0,5.0,12.636,0.995,48.396,24.5145,24.3235,24.2788,24.3234,24.3412,23.877,23.8894,23.8544,23.7492,23.7218,23.6483,23.8534,23.7223,24.1307,24.2805,24.4298,24.6614
16043.0,5.0,12.636,0.904,48.396,26.0929,26.1682,26.3134,26.5169,26.7216,26.5091,26.6455,26.7538,26.8504,27.0806,27.209,27.4374,27.3212,27.5919,27.739,27.8454,27.9832
16281.0,5.0,12.636,0.995,48.396,25.0583,24.9685,24.9817,25.0685,25.1416,24.7121,24.7762,24.8083,24.798,24.8544,24.8539,25.109,24.9639,25.4022,25.5756,25.7548,26.045
16493.0,5.0,12.636,0.995,48.396,26.0033,25.932,25.947,26.0379,26.119,25.7104,25.7691,25.7975,25.7869,25.8423,25.8375,26.075,25.9387,26.3507,26.5135,26.6772,26.9369
16798.0,5.0,12.636,0.995,48.396,26.4518,26.3832,26.425,26.5229,26.5569,26.0639,26.0995,26.1297,26.1134,26.1838,26.1922,26.4411,26.3016,26.6993,26.8711,27.0446,27.3023
17006.0,5.0,12.636,0.995,48.396,26.3536,26.3566,26.426,26.5621,26.6887,26.3854,26.4688,26.5395,26.5592,26.6381,26.6731,26.9218,26.7876,27.1577,27.314,27.4659,27.6863
17298.0,5.0,12.636,0.995,48.396,24.5814,24.4818,24.4927,24.5807,24.64,24.1574,24.2167,24.2477,24.2378,24.3062,24.3067,24.5779,24.4213,24.9049,25.1063,25.3162,25.6716
17455.0,5.0,12.636,0.995,48.396,25.0369,25.0255,25.0965,25.2338,25.3627,25.0285,25.1181,25.1929,25.2166,25.2999,25.3446,25.6463,25.4831,25.9407,26.1438,26.354,26.6816
17856.0,5.0,12.636,0.995,48.396,24.878,24.855,24.8925,25.0134,25.176,24.9348,25.0393,25.098,25.1149,25.1806,25.1993,25.472,25.3206,25.7672,25.9446,26.1315,26.4305
18062.0,5.0,12.636,0.995,48.396,25.5306,25.4563,25.467,25.5496,25.6218,25.2308,25.2844,25.3077,25.2934,25.3383,25.3282,25.5387,25.4184,25.7778,25.9091,26.0412,26.2467
18366.0,5.0,12.636,0.904,48.396,25.307,25.2373,25.2575,25.3543,25.4525,25.0741,25.1489,25.188,25.1842,25.2436,25.2472,25.5045,25.3587,25.7979,25.9703,26.1494,26.4398
18812.0,5.0,12.636,0.904,48.396,26.8526,26.7621,26.7662,26.8427,26.89,26.4412,26.4856,26.5044,26.4868,26.5387,26.5258,26.7392,26.6151,26.9929,27.1345,27.2758,27.5
19362.0,5.0,12.636,0.995,48.396,26.0696,25.9784,25.9838,26.0604,26.1127,25.6656,25.711,25.7301,25.7112,25.7579,25.7462,25.9676,25.8402,26.2242,26.3727,26.52,26.75
19513.0,5.0,12.636,0.995,48.396,25.4759,25.389,25.403,25.4935,25.5666,25.1283,25.1927,25.226,25.2182,25.2831,25.2834,25.5423,25.3936,25.8492,26.0312,26.2201,26.5333
19668.0,5.0,12.636,0.904,48.396,25.7515,25.6723,25.689,25.7797,25.8663,25.4747,25.5452,25.5809,25.5735,25.6284,25.6292,25.8792,25.7377,26.1625,26.3258,26.4952,26.7677
19831.0,5.0,12.636,0.904,48.396,26.5546,26.5033,26.5508,26.6546,26.7123,26.273,26.318,26.3544,26.344,26.4077,26.4185,26.6596,26.5261,26.9019,27.0605,27.2183,27.4492
20479.0,5.0,12.636,0.995,48.396,26.1344,26.0695,26.0884,26.1835,26.2787,25.9083,25.9776,26.0126,26.0069,26.0635,26.0626,26.3013,26.1655,26.5744,26.7302,26.8898,27.1448
20684.0,5.0,12.636,0.995,48.396,25.0677,24.9855,25.0004,25.0916,25.1701,24.7479,24.8134,24.847,24.8387,24.9002,24.8996,25.1539,25.0082,25.4525,25.6294,25.8114,26.1093
20809.0,5.0,12.636,0.995,48.396,25.6391,25.5566,25.5746,25.6676,25.7572,25.3595,25.4353,25.4754,25.4703,25.53,25.5348,25.8008,25.6503,26.1045,26.2831,26.4712,26.7801
20949.0,5.0,12.636,0.995,48.396,25.9302,25.8976,25.9557,26.0748,26.1596,25.7536,25.8125,25.8613,25.8622,25.9343,25.9576,26.2216,26.0766,26.4845,26.6615,26.8392,27.1048
21127.0,5.0,12.636,0.995,48.396,25.9712,25.9586,26.023,26.1519,26.2587,25.9013,25.9717,26.031,26.0407,26.1172,26.1459,26.4041,26.2632,26.6568,26.8277,26.9956,27.243
21755.0,5.0,12.636,0.995,48.396,25.9799,25.9506,26.0106,26.133,26.2269,25.8394,25.907,25.963,25.9689,26.0456,26.0721,26.3394,26.1929,26.6048,26.7813,26.9613,27.2319
21873.0,5.0,12.636,0.995,48.396,26.2869,26.285,26.3532,26.4878,26.6085,26.2824,26.361,26.4275,26.4435,26.5226,26.5557,26.8129,26.6732,27.0613,27.2302,27.394,27.6339
22093.0,5.0,12.636,0.995,48.396,24.2482,24.1762,24.1894,24.2735,24.3568,23.9953,24.0567,24.0842,24.071,24.1111,24.1028,24.3144,24.1949,24.548,24.6747,24.8034,25.0019
22205.0,5.0,12.636,0.995,48.396,26.2366,26.1549,26.1946,26.2875,26.3193,25.8185,25.8546,25.8833,25.8663,25.9304,25.9387,26.1959,26.0525,26.4608,26.6367,26.8165,27.0859
22536.0,5.0,12.636,0.995,48.396,25.4055,25.3349,25.3545,25.4512,25.5447,25.1451,25.215,25.2512,25.2466,25.308,25.3113,25.5725,25.4239,25.8727,26.0534,26.2406,26.545
22679.0,5.0,12.636,0.995,48.396,25.5659,25.4466,25.449,25.5188,25.5621,25.1092,25.1663,25.1928,25.1744,25.2215,25.2139,25.4488,25.3151,25.7182,25.8677,26.0218,26.2692
22989.0,5.0,12.636,0.995,48.396,26.6981,26.6222,26.6603,26.7529,26.7782,26.2783,26.3101,26.3368,26.3176,26.3845,26.3903,26.6331,26.4971,26.8843,27.0486,27.2151,27.4609
23437.0,5.0,12.636,0.995,48.396,26.772,26.7246,26.7728,26.877,26.9384,26.5134,26.5598,26.597,26.5876,26.6487,26.6595,26.8947,26.765,27.1284,27.2795,27.4294,27.6469
23634.0,5.0,12.636,0.904,48.396,25.1904,25.0835,25.0904,25.1694,25.2223,24.7609,24.8189,24.8474,24.8331,24.8895,24.8854,25.1346,24.9918,25.4264,25.5961,25.771,26.0562
23742.0,5.0,12.636,0.995,48.396,26.1844,26.0861,26.0893,26.1653,26.2073,25.7272,25.7697,25.788,25.7694,25.8228,25.8118,26.0408,25.908,26.3126,26.4723,26.6315,26.8844
23960.0,5.0,12.636,0.995,48.396,26.6622,26.579,26.6151,26.704,26.7215,26.2031,26.229,26.2508,26.2287,26.2912,26.2958,26.5427,26.4045,26.7979,26.9677,27.1382,27.3906
24120.0,5.0,12.636,0.995,48.396,26.7589,26.6979,26.7375,26.8323,26.8577,26.3562,26.3795,26.4004,26.3778,26.4407,26.4431,26.6762,26.5451,26.9182,27.0841,27.2426,27.4717
24273.0,5.0,12.636,0.995,48.396,26.2037,26.0917,26.0875,26.1524,26.1735,25.6745,25.7067,25.7177,25.6928,25.7387,25.7214,25.9351,25.8106,26.1897,26.3367,26.4807,26.7067
24568.0,5.0,12.636,0.904,48.396,25.8381,25.7362,25.7418,25.8192,25.8698,25.4104,25.463,25.4874,25.4713,25.5243,25.5171,25.7544,25.6182,26.0313,26.1913,26.354,26.6147
24708.0,5.0,12.636,0.995,48.396,25.6163,25.5482,25.5643,25.6565,25.7408,25.3323,25.39,25.4177,25.407,25.4609,25.4565,25.6969,25.5594,25.9735,26.1402,26.3071,26.57
25069.0,5.0,12.636,0.995,48.396,26.4887,26.4565,26.5146,26.6307,26.7266,26.3607,26.4268,26.4787,26.483,26.5412,26.5639,26.8178,26.6807,27.06,27.216,27.3729,27.6039
25849.0,5.0,12.636,0.904,48.396,27.1287,27.0336,27.0592,27.1312,27.1342,26.629,26.6472,26.6607,26.6317,26.6786,26.6731,26.8875,26.7677,27.1052,27.2425,27.3782,27.5728
26142.0,5.0,12.636,0.995,48.396,25.8683,25.7595,25.76,25.8316,25.866,25.3753,25.4173,25.4352,25.4147,25.466,25.4542,25.6842,25.5509,25.9567,26.1167,26.2762,26.5298
26267.0,5.0,12.636,0.995,48.396,26.0456,25.9754,25.9934,26.0881,26.1777,25.7788,25.8446,25.878,25.8708,25.9295,25.929,26.1792,26.0363,26.4685,26.6407,26.8165,27.0996
26680.0,5.0,12.636,0.904,48.396,26.2772,26.1989,26.2117,26.2984,26.3745,25.9729,26.0339,26.0633,26.052,26.1048,26.0993,26.3296,26.1979,26.5954,26.7458,26.8985,27.1413
26806.0,5.0,12.636,0.995,48.396,26.1644,26.0631,26.0707,26.1514,26.2059,25.7414,25.797,25.8241,25.8101,25.8672,25.8629,26.1117,25.9689,26.4035,26.5758,26.7523,27.0388
26945.0,5.0,12.636,0.995,48.396,25.8821,25.81,25.8252,25.9159,25.997,25.5933,25.6538,25.6833,25.6742,25.7309,25.7272,25.9636,25.8282,26.2371,26.395,26.5556,26.8118
27628.0,5.0,12.636,0.995,48.396,26.2041,26.1311,26.1417,26.2247,26.2964,25.8964,25.9467,25.9682,25.9517,25.9955,25.9837,26.1965,26.0745,26.4398,26.5787,26.7156,26.9268
27888.0,5.0,12.636,0.995,48.396,26.2753,26.1952,26.2046,26.2887,26.3511,25.906,25.9537,25.9752,25.9602,26.0138,26.0049,26.2348,26.102,26.5044,26.6642,26.8231,27.0735
28110.0,5.0,12.636,0.995,48.396,26.2652,26.2246,26.281,26.3945,26.48,26.0816,26.1403,26.1866,26.1867,26.2454,26.2674,26.5315,26.388,26.7879,26.9573,27.128,27.3822
28418.0,5.0,12.636,0.995,48.396,26.5145,26.4147,26.4214,26.5017,26.5528,26.0923,26.1463,26.1722,26.1586,26.2183,26.2121,26.451,26.313,26.7357,26.898,27.0643,27.3363
28802.0,5.0,12.636,0.995,48.396,26.6642,26.5885,26.5978,26.6788,26.7461,26.3384,26.3868,26.407,26.39,26.4333,26.4213,26.6329,26.5116,26.8742,27.0113,27.1469,27.3558
28918.0,5.0,12.636,0.995,48.396,26.2933,26.2453,26.2947,26.4016,26.4597,26.0118,26.0545,26.09,26.0795,26.145,26.158,26.4067,26.2689,26.6577,26.8261,26.9925,27.2371
29562.0,5.0,12.636,0.904,48.396,26.2435,26.1705,26.1853,26.2732,26.3555,25.9562,26.0147,26.042,26.0296,26.0766,26.0719,26.3076,26.1739,26.5715,26.7274,26.8842,27.1278
29672.0,5.0,12.636,0.995,48.396,26.0265,25.9535,25.9717,26.0646,26.1573,25.7764,25.8476,25.8837,25.8769,25.931,25.9319,26.1811,26.0402,26.4622,26.6257,26.7944,27.0638
29780.0,5.0,12.636,0.995,48.396,26.6924,26.5842,26.5924,26.6669,26.7295,26.3065,26.3705,26.4006,26.3844,26.4245,26.4217,26.6675,26.5302,26.935,27.0881,27.2469,27.4958
30532.0,5.0,12.636,0.995,48.396,26.7962,26.7269,26.7687,26.8629,26.9062,26.4441,26.4825,26.5123,26.497,26.5529,26.5606,26.803,26.6691,27.0455,27.202,27.3598,27.5913
30933.0,5.0,12.636,0.995,48.396,27.1004,26.993,26.9904,27.0546,27.0853,26.6149,26.6511,26.6635,26.6383,26.6768,26.6602,26.8692,26.7489,27.1095,27.2465,27.3813,27.5885
31501.0,5.0,12.636,0.995,48.396,27.0289,26.8923,26.8819,26.9398,26.943,26.4234,26.46,26.4744,26.4502,26.5024,26.4859,26.7006,26.5748,26.9628,27.1066,27.2511,27.4851
32884.0,5.0,12.636,0.904,48.396,26.5842,26.4933,26.5015,26.5814,26.6408,26.2057,26.2586,26.2826,26.2675,26.3179,26.3102,26.5399,26.4083,26.8047,26.9557,27.1086,27.351
34320.0,5.0,12.636,0.995,48.396,25.8091,25.7125,25.7173,25.7939,25.8421,25.3782,25.4233,25.4427,25.4237,25.4731,25.4623,25.6919,25.5596,25.9601,26.118,26.275,26.5226
34852.0,5.0,12.636,0.995,48.396,27.4119,27.3056,27.2954,27.3526,27.3608,26.8502,26.8661,26.8662,26.8338,26.8696,26.8439,27.0367,26.9232,27.2673,27.4037,27.5315,27.7251
36269.0,5.0,12.636,0.995,48.396,26.6627,26.6171,26.6638,26.7661,26.823,26.3966,26.4376,26.4707,26.4583,26.5161,26.5237,26.7498,26.6249,26.9742,27.1193,27.2611,27.4648
38051.0,5.0,12.636,0.995,48.396,26.6143,26.5479,26.5624,26.6523,26.7332,26.3269,26.3802,26.4047,26.3916,26.4423,26.4344,26.6632,26.5318,26.9272,27.0849,27.2405,27.4827
38580.0,5.0,12.636,0.995,48.396,26.5503,26.4559,26.4629,26.5415,26.5971,26.1526,26.2043,26.2278,26.2117,26.2624,26.2541,26.485,26.3525,26.7527,26.9065,27.0618,27.3083
38661.0,5.0,12.636,0.995,48.396,26.8185,26.7345,26.7363,26.8079,26.852,26.4052,26.4371,26.4467,26.422,26.4602,26.4407,26.6394,26.524,26.8708,27.0048,27.1332,27.3285
39737.0,5.0,12.636,0.904,48.396,26.9931,26.8937,26.8922,26.9595,26.9926,26.5212,26.5549,26.5662,26.5416,26.5826,26.5651,26.7719,26.652,27.013,27.152,27.2874,27.4956
40323.0,5.0,12.636,0.995,48.396,26.6113,26.5204,26.5308,26.6136,26.6797,26.2624,26.324,26.3538,26.3425,26.3975,26.393,26.627,26.4932,26.8983,27.048,27.2029,27.4534
41984.0,5.0,12.636,0.995,48.396,26.9488,26.836,26.8289,26.8876,26.9054,26.4183,26.4462,26.4533,26.4239,26.4599,26.4386,26.6388,26.5225,26.873,27.0071,27.1365,27.3347
42817.0,5.0,12.636,0.995,48.396,26.9998,26.9021,26.9,26.9688,26.9973,26.5013,26.5295,26.5382,26.5126,26.5569,26.5384,26.7502,26.6265,27.0019,27.1527,27.2975,27.5206
42995.0,5.0,12.636,0.995,48.396,26.9667,26.8714,26.8706,26.9398,26.9754,26.5138,26.5494,26.5621,26.5391,26.5832,26.5656,26.7677,26.65,27.0067,27.1411,27.2725,27.4768
43246.0,5.0,12.636,0.995,48.396,26.243,26.1635,26.1725,26.2559,26.3169,25.8677,25.911,25.9294,25.9111,25.961,25.9493,26.1778,26.0455,26.4465,26.6099,26.7692,27.0182
43748.0,5.0,12.636,0.995,48.396,26.7897,26.7237,26.7361,26.8223,26.8985,26.501,26.5508,26.5723,26.5577,26.6041,26.5933,26.8069,26.6843,27.0516,27.1924,27.3312,27.545
51529.0,5.0,12.636,0.995,48.396,27.2955,27.1919,27.1805,27.2341,27.2429,26.7489,26.7626,26.7604,26.7263,26.7553,26.7278,26.9096,26.803,27.1235,27.2478,27.364,27.5372
