0.0,5.0,12.636,0.995,48.396,23.0354,22.9139,22.8922,22.9613,23.0571,22.7379,22.7841,22.763,22.6628,22.6377,22.5625,22.7773,22.6373,23.0657,23.2157,23.3781,23.6271
1.0,5.0,12.636,0.995,48.396,23.0949,22.9347,22.9004,22.9555,23.007,22.597,22.621,22.5896,22.485,22.4581,22.3836,22.594,22.4581,22.8775,23.0291,23.1865,23.4286
2.0,5.0,12.636,0.904,48.396,26.3161,26.2216,26.2322,26.3139,26.3816,25.959,26.0216,26.052,26.0391,26.0895,26.0863,26.3294,26.1916,26.605,26.763,26.9258,27.1854
3.0,5.0,12.636,0.995,48.396,26.4874,26.3935,26.3915,26.4589,26.4923,26.0301,26.0619,26.0719,26.0472,26.0883,26.0688,26.2658,26.1509,26.4981,26.6293,26.7565,26.9522
1228.0,5.0,12.636,0.995,48.396,22.795,22.5802,22.5242,22.5794,22.5641,21.9392,21.9421,21.9113,21.807,21.7956,21.7264,21.9653,21.8126,22.3075,22.5229,22.7316,23.0761
2102.0,5.0,12.636,0.995,48.396,23.4874,23.3503,23.3188,23.3715,23.4359,23.0989,23.1278,23.0983,22.9967,22.9631,22.8866,23.0707,22.9509,23.3149,23.4351,23.5611,23.7501
2103.0,5.0,12.636,0.995,48.396,24.4828,24.3743,24.375,24.439,24.4842,24.069,24.1196,24.1396,24.117,24.1487,24.1351,24.3393,24.2241,24.5642,24.683,24.8043,24.9912
3119.0,5.0,12.636,0.995,48.396,23.3938,23.265,23.2367,23.2961,23.3717,23.0362,23.0703,23.0442,22.9435,22.9135,22.8377,23.0321,22.9055,23.2918,23.423,23.561,23.7694
3120.0,5.0,12.636,0.904,48.396,23.9127,23.8306,23.8433,23.925,24.0053,23.643,23.7104,23.7419,23.7298,23.7704,23.765,23.9842,23.8613,24.2239,24.3512,24.4833,24.6896
4232.0,5.0,12.636,0.904,48.396,23.0842,22.8494,22.7947,22.849,22.8336,22.2234,22.2344,22.2067,22.1039,22.0936,22.0264,22.2709,22.1159,22.6178,22.8329,23.0437,23.3958
4906.0,5.0,12.636,0.995,48.396,23.3509,23.1939,23.1583,23.2096,23.259,22.8637,22.8851,22.852,22.7472,22.7169,22.641,22.8395,22.7109,23.1058,23.2446,23.3882,23.606
4908.0,5.0,12.636,0.995,48.396,27.3612,27.2585,27.2604,27.3364,27.3709,26.8506,26.8855,26.8997,26.8775,26.9309,26.9184,27.1602,27.0194,27.4503,27.6339,27.8136,28.099
5663.0,5.0,12.636,0.995,48.396,22.6505,22.5709,22.5594,22.6388,22.7767,22.5715,22.6397,22.6294,22.5346,22.5072,22.4291,22.6327,22.4974,22.9049,23.0378,23.1878,23.4126
6099.0,5.0,12.636,0.995,48.396,23.4488,23.3232,23.3027,23.3779,23.476,23.1282,23.1771,23.1589,23.0587,23.0398,22.9666,23.2021,23.0494,23.5238,23.7005,23.8913,24.1943
6712.0,5.0,12.636,0.904,48.396,23.955,23.9039,23.9264,24.0227,24.1367,23.8389,23.9163,23.9543,23.9503,23.9934,23.9922,24.2102,24.0886,24.4442,24.5703,24.7002,24.9002
6713.0,5.0,12.636,0.995,48.396,26.675,26.6175,26.6723,26.7879,26.8573,26.3858,26.4423,26.4889,26.4866,26.5678,26.5921,26.8922,26.7252,27.2069,27.4293,27.664,28.0391
7371.0,5.0,12.636,0.995,48.396,23.3949,23.3417,23.3721,23.4813,23.6151,23.3019,23.3998,23.4544,23.4622,23.5249,23.5416,23.8292,23.6692,24.1454,24.3364,24.5418,24.8802
7818.0,5.0,12.636,0.904,48.396,23.2206,23.0286,22.9719,23.0179,23.0056,22.4079,22.3981,22.3576,22.2488,22.2279,22.1538,22.3702,22.23,22.6771,22.8636,23.0429,23.3242
8136.0,5.0,12.636,0.995,48.396,24.8667,24.8683,24.932,25.0575,25.1761,24.9033,24.9805,25.0435,25.0569,25.1153,25.1378,25.3395,25.2321,25.5214,25.6315,25.7378,25.8873
8705.0,5.0,12.636,0.904,48.396,25.6007,25.5633,25.6157,25.7223,25.8056,25.442,25.499,25.5424,25.5399,25.5868,25.6009,25.8275,25.7054,26.0396,26.17,26.3003,26.4879
9094.0,5.0,12.636,0.995,48.396,24.5909,24.4864,24.4986,24.5818,24.6526,24.2209,24.292,24.3286,24.3178,24.3711,24.3739,24.6423,24.4911,24.9454,25.1246,25.3135,25.6221
9600.0,5.0,12.636,0.995,48.396,23.9516,23.9235,23.9527,24.0566,24.1987,23.9868,24.0754,24.1187,24.1212,24.1557,24.1562,24.3559,24.2468,24.5572,24.661,24.7691,24.9308
10049.0,5.0,12.636,0.995,48.396,23.2127,23.0471,23.0211,23.089,23.1609,22.7537,22.793,22.7673,22.6622,22.6429,22.5709,22.8181,22.6596,23.1541,23.3419,23.5457,23.8759
10293.0,5.0,12.636,0.904,48.396,26.0969,26.0229,26.0363,26.1246,26.2014,25.7889,25.8449,25.8712,25.8584,25.9107,25.9039,26.1371,26.0033,26.4072,26.5665,26.7255,26.9762
10294.0,5.0,12.636,0.995,48.396,25.6899,25.6839,25.7524,25.8881,26.006,25.6606,25.7388,25.8056,25.8217,25.9064,25.942,26.2144,26.0657,26.4826,26.6679,26.8514,27.126
10653.0,5.0,12.636,0.904,48.396,23.0805,23.0538,23.0905,23.208,23.3704,23.1485,23.258,23.3189,23.3354,23.3936,23.4126,23.6778,23.5324,23.955,24.1144,24.2842,24.5515
10871.0,5.0,12.636,0.995,48.396,24.8074,24.7666,24.7999,24.9131,25.0588,24.7748,24.8742,24.9293,24.9393,24.9996,25.0164,25.2979,25.142,25.602,25.7868,25.983,26.2993
11124.0,5.0,12.636,0.995,48.396,25.6718,25.6451,25.7072,25.8324,25.9272,25.5271,25.5909,25.6444,25.6497,25.7261,25.7548,26.0337,25.8806,26.3127,26.5061,26.7008,26.9963
11452.0,5.0,12.636,0.995,48.396,23.9366,23.9192,23.9578,24.0793,24.2483,24.0362,24.1441,24.2043,24.2231,24.285,24.3037,24.5653,24.4211,24.8414,25.0028,25.1725,25.4385
11703.0,5.0,12.636,0.904,48.396,24.9483,24.7953,24.7633,24.8239,24.8831,24.481,24.5113,24.4852,24.3832,24.3596,24.2863,24.502,24.3632,24.795,24.9535,25.1164,25.3708
11873.0,5.0,12.636,0.995,48.396,26.6714,26.6213,26.6756,26.7902,26.8555,26.3846,26.4327,26.4731,26.467,26.5422,26.5632,26.8479,26.6897,27.1427,27.3523,27.5646,27.8926
12234.0,5.0,12.636,0.995,48.396,23.8947,23.676,23.5988,23.589,23.5326,23.0747,23.047,22.9918,22.8837,22.8323,22.752,22.8745,22.7941,23.0416,23.1188,23.1927,23.3028
12396.0,5.0,12.636,0.995,48.396,25.287,25.2394,25.298,25.4165,25.5003,25.0636,25.1247,25.1743,25.1763,25.2493,25.2777,25.5775,25.4127,25.8818,26.0946,26.3165,26.6664
12561.0,5.0,12.636,0.904,48.396,25.086,25.0005,25.0098,25.0874,25.1568,24.7721,24.8303,24.8558,24.8399,24.8789,24.8696,25.0821,24.9621,25.3172,25.4438,25.573,25.7733
12791.0,5.0,12.636,0.904,48.396,24.4476,24.3882,24.4058,24.4909,24.5937,24.3037,24.3742,24.4051,24.3933,24.4179,24.4107,24.607,24.4993,24.8064,24.9094,25.0162,25.1754
13037.0,5.0,12.636,0.995,48.396,24.3635,24.2642,24.2653,24.3305,24.3773,23.9721,24.0192,24.0367,24.0141,24.0456,24.0296,24.2228,24.1131,24.4376,24.5493,24.6625,24.837
13613.0,5.0,12.636,0.995,48.396,24.7743,24.7073,24.7275,24.8231,24.9225,24.5564,24.6302,24.668,24.6634,24.7186,24.7208,24.9696,24.8291,25.2491,25.4108,25.578,25.8451
13867.0,5.0,12.636,0.995,48.396,25.041,24.8747,24.833,24.8745,24.9044,24.5,24.5128,24.4764,24.3721,24.338,24.2619,24.4437,24.3262,24.6863,24.8095,24.934,25.1213
14025.0,5.0,12.636,0.995,48.396,25.2169,25.1705,25.1945,25.2949,25.412,25.1044,25.181,25.2194,25.2176,25.2675,25.2676,25.4931,25.3664,25.7407,25.8784,26.0191,26.2375
14236.0,5.0,12.636,0.995,48.396,26.0687,25.995,26.0142,26.1088,26.2032,25.8138,25.8862,25.9236,25.9179,25.9745,25.9777,26.2377,26.0907,26.5316,26.707,26.8889,27.1818
14524.0,5.0,12.636,0.995,48.396,26.3631,26.2824,26.2901,26.3687,26.4308,26.0131,26.0597,26.0788,26.0602,26.1025,26.0897,26.302,26.1803,26.5445,26.683,26.8196,27.0299
14808.0,5.0,12.636,0.995,48.396,24.6684,24.6139,24.6401,24.7434,24.8644,24.5404,24.6261,24.6716,24.6732,24.7295,24.7376,24.9967,24.8518,25.2815,25.4477,25.6217,25.8992
15025.0,5.0,12.636,0.995,48.396,23.4958,23.322,23.239,23.2094,23.1583,22.8064,22.7631,22.6977,22.5887,22.5167,22.4287,22.4924,22.4458,22.5914,22.6262,22.6638,22.7218
15211.0,5.0,12.636,0.995,48.396,25.8741,25.8545,25.9188,26.0467,26.1544,25.7928,25.8671,25.9286,25.9403,26.0167,26.0484,26.3204,26.1723,26.5865,26.7651,26.9457,27.2173
15483.0,5.0,12.636,0.995,48.396,26.2883,26.2479,26.306,26.4289,26.4998,26.0303,26.0832,26.1299,26.1276,26.2177,26.2433,26.5361,26.3723,26.8459,27.0698,27.2999,27.6629
15716.0,5.0,12.636,0.995,48.396,25.3168,25.2544,25.28,25.3842,25.4998,25.1451,25.2317,25.2792,25.2818,25.3464,25.3573,25.6354,25.4787,25.9508,26.1407,26.3422,26.676
15936.0,5.0,12.636,0.995,48.396,24.2877,24.1026,24.0392,24.0422,24.0185,23.6216,23.604,23.5522,23.4457,23.3931,23.3124,23.4334,23.3536,23.597,23.6694,23.7412,23.8483
16043.0,5.0,12.636,0.904,48.396,26.1118,26.1917,26.3441,26.5596,26.7813,26.5666,26.7191,26.8442,26.9606,27.237,27.4058,27.7079,27.5519,27.9257,28.1486,28.3198,28.5536
16281.0,5.0,12.636,0.995,48.396,25.0709,24.982,24.9972,25.0878,25.1655,24.731,24.7986,24.8339,24.8261,24.8877,24.8905,25.1592,25.0061,25.4713,25.6602,25.8575,26.1837
16493.0,5.0,12.636,0.995,48.396,26.0005,25.929,25.9435,26.0336,26.1137,25.7061,25.764,25.7918,25.7806,25.8348,25.8293,26.0641,25.9294,26.336,26.4959,26.6563,26.91
16798.0,5.0,12.636,0.995,48.396,26.4695,26.4025,26.4478,26.5516,26.5911,26.0892,26.1289,26.1631,26.1498,26.2276,26.2407,26.5075,26.3577,26.7879,26.9796,27.1761,27.4749
17006.0,5.0,12.636,0.995,48.396,26.3685,26.3738,26.4469,26.5894,26.7241,26.4168,26.5069,26.5844,26.61,26.6998,26.7432,27.0181,26.8692,27.2839,27.467,27.6479,27.9182
17298.0,5.0,12.636,0.995,48.396,24.5751,24.4751,24.4851,24.5712,24.6285,24.1488,24.2065,24.2361,24.225,24.291,24.29,24.5549,24.4021,24.8726,25.0661,25.2667,25.6025
17455.0,5.0,12.636,0.995,48.396,25.0312,25.0189,25.0885,25.2234,25.3493,25.0169,25.104,25.1763,25.1978,25.2771,25.3186,25.6095,25.4524,25.8907,26.0816,26.2775,26.5777
17856.0,5.0,12.636,0.995,48.396,24.8459,24.8189,24.8501,24.9593,25.1044,24.8674,24.9568,25.0025,25.0082,25.0543,25.0593,25.2825,25.1592,25.5158,25.6447,25.7772,25.9782
18062.0,5.0,12.636,0.995,48.396,25.3729,25.2871,25.2747,25.3161,25.3412,24.996,25.0129,25.0063,24.968,24.9658,24.9286,25.0405,24.9756,25.1668,25.2214,25.278,25.3649
18366.0,5.0,12.636,0.904,48.396,25.2723,25.1998,25.2142,25.3003,25.3848,25.0178,25.0817,25.1116,25.1002,25.1446,25.1387,25.3588,25.2344,25.6037,25.7385,25.8757,26.0894
18812.0,5.0,12.636,0.904,48.396,26.8856,26.7972,26.8065,26.8925,26.9502,26.4876,26.54,26.5655,26.5536,26.6178,26.6118,26.8536,26.713,27.146,27.3178,27.4922,27.778
19362.0,5.0,12.636,0.995,48.396,26.0194,25.9252,25.9232,25.9862,26.0237,25.5958,25.63,25.6396,25.6132,25.6437,25.6227,25.8073,25.701,26.0174,26.1308,26.242,26.4108
19513.0,5.0,12.636,0.995,48.396,25.4831,25.3967,25.4118,25.5046,25.5803,25.139,25.2054,25.2405,25.2341,25.3021,25.3043,25.571,25.4177,25.8889,26.0801,26.2799,26.6153
19668.0,5.0,12.636,0.904,48.396,25.7378,25.6577,25.672,25.7586,25.8401,25.4532,25.5195,25.5517,25.5415,25.5907,25.5878,25.8235,25.6903,26.0878,26.2364,26.3893,26.6313
19831.0,5.0,12.636,0.904,48.396,26.592,26.5447,26.6002,26.7174,26.7889,26.3326,26.3879,26.4345,26.432,26.5135,26.5364,26.8215,26.6629,27.1177,27.3252,27.5387,27.8702
20479.0,5.0,12.636,0.995,48.396,26.1283,26.0628,26.0807,26.1739,26.2666,25.8982,25.9656,25.9989,25.9918,26.0457,26.0431,26.2752,26.1431,26.5395,26.6886,26.8407,27.0821
20684.0,5.0,12.636,0.995,48.396,25.0334,24.9488,24.9581,25.0391,25.1056,24.6963,24.7523,24.7778,24.7629,24.8106,24.8018,25.0227,24.8963,25.2764,25.418,25.5609,25.7857
20809.0,5.0,12.636,0.995,48.396,25.6272,25.5438,25.5599,25.6493,25.7344,25.3408,25.413,25.4499,25.4423,25.4967,25.4982,25.7508,25.6081,26.0362,26.2002,26.3713,26.6472
20949.0,5.0,12.636,0.995,48.396,25.9238,25.8904,25.947,26.0638,26.1459,25.7426,25.7994,25.8463,25.8455,25.9143,25.9352,26.191,26.0507,26.4441,26.6123,26.7804,27.029
21127.0,5.0,12.636,0.995,48.396,25.9943,25.9851,26.0551,26.1935,26.3118,25.9461,26.0254,26.0937,26.111,26.2026,26.2426,26.5386,26.3762,26.8372,27.0509,27.2675,27.604
21755.0,5.0,12.636,0.995,48.396,26.0027,25.9762,26.0416,26.1729,26.2772,25.8806,25.9563,26.0204,26.033,26.1233,26.16,26.4625,26.2959,26.7718,26.9887,27.2167,27.5787
21873.0,5.0,12.636,0.995,48.396,26.3038,26.3045,26.3769,26.5187,26.6483,26.3169,26.4027,26.4765,26.4987,26.5896,26.6319,26.9183,26.7621,27.2015,27.4025,27.602,27.9052
22093.0,5.0,12.636,0.995,48.396,24.0636,23.9774,23.9629,23.9987,24.0244,23.7091,23.7246,23.7153,23.6732,23.6592,23.6184,23.7151,23.6595,23.8223,23.8649,23.9112,23.983
22205.0,5.0,12.636,0.995,48.396,26.2618,26.182,26.2266,26.3276,26.3671,25.8536,25.8954,25.9296,25.9168,25.9909,26.0058,26.2886,26.1305,26.5859,26.7913,27.0057,27.3397
22536.0,5.0,12.636,0.995,48.396,25.4121,25.3421,25.3628,25.4617,25.5579,25.1558,25.2278,25.2658,25.2627,25.3272,25.3324,25.6016,25.4484,25.9128,26.1027,26.3007,26.6267
22679.0,5.0,12.636,0.995,48.396,25.465,25.3424,25.3309,25.376,25.3932,24.9764,25.0111,25.019,24.9867,25.0041,24.9791,25.1448,25.0505,25.329,25.418,25.5089,25.6485
22989.0,5.0,12.636,0.995,48.396,26.721,26.6468,26.6893,26.7893,26.8212,26.31,26.3467,26.3783,26.3628,26.4387,26.4502,26.7147,26.5662,26.9927,27.1807,27.3743,27.6685
23437.0,5.0,12.636,0.995,48.396,26.8244,26.7829,26.8425,26.9659,27.0477,26.5993,26.6609,26.7132,26.7157,26.8029,26.8319,27.1323,26.9653,27.4462,27.6706,27.9048,28.2776
23634.0,5.0,12.636,0.904,48.396,25.1383,25.0291,25.0283,25.0932,25.131,24.6901,24.7358,24.7537,24.7313,24.7699,24.7553,24.9618,24.8437,25.1971,25.3238,25.4517,25.6512
23742.0,5.0,12.636,0.995,48.396,26.2053,26.1082,26.1146,26.1965,26.2446,25.7552,25.8025,25.8248,25.8095,25.8703,25.8635,26.1102,25.967,26.4065,26.5861,26.7674,27.0621
23960.0,5.0,12.636,0.995,48.396,26.7029,26.6225,26.6666,26.7685,26.7973,26.2578,26.2919,26.3219,26.306,26.3839,26.3984,26.6839,26.5234,26.9881,27.2029,27.426,27.7759
24120.0,5.0,12.636,0.995,48.396,26.808,26.7517,26.8014,26.913,26.9534,26.4262,26.46,26.4913,26.4766,26.5596,26.5746,26.8556,26.6968,27.158,27.3812,27.6038,27.9484
24273.0,5.0,12.636,0.995,48.396,26.1856,26.0728,26.0661,26.1264,26.143,25.6518,25.6806,25.6887,25.6614,25.7021,25.6818,25.8835,25.766,26.1223,26.2571,26.3884,26.5923
24568.0,5.0,12.636,0.904,48.396,25.8088,25.7054,25.7067,25.776,25.818,25.3704,25.4161,25.4347,25.4139,25.4569,25.4439,25.6572,25.5348,25.9027,26.0385,26.1749,26.3883
24708.0,5.0,12.636,0.995,48.396,25.5557,25.4828,25.4891,25.5634,25.6263,25.2391,25.2808,25.295,25.2733,25.3047,25.2869,25.4744,25.3672,25.684,25.7989,25.9113,26.0804
25069.0,5.0,12.636,0.995,48.396,26.5105,26.4809,26.544,26.6684,26.7741,26.4004,26.4742,26.5336,26.5442,26.6141,26.6461,26.9313,26.7765,27.2101,27.3983,27.5915,27.8869
25849.0,5.0,12.636,0.904,48.396,27.1508,27.0569,27.0864,27.1647,27.173,26.6574,26.6797,26.697,26.6709,26.7247,26.7235,26.9542,26.8251,27.1907,27.3439,27.4965,27.7185
26142.0,5.0,12.636,0.995,48.396,25.8067,25.6952,25.6871,25.7431,25.7616,25.2964,25.326,25.3334,25.3046,25.3374,25.3153,25.5028,25.3942,25.7203,25.8383,25.9539,26.1309
26267.0,5.0,12.636,0.995,48.396,26.0662,25.9977,26.0193,26.1206,26.2184,25.8118,25.884,25.9229,25.9203,25.9884,25.9938,26.2682,26.1112,26.5913,26.7918,27.0007,27.35
26680.0,5.0,12.636,0.904,48.396,26.2738,26.1951,26.2074,26.293,26.368,25.9676,26.0276,26.0561,26.0442,26.0956,26.0892,26.3163,26.1864,26.5776,26.7247,26.8737,27.1099
26806.0,5.0,12.636,0.995,48.396,26.1924,26.0927,26.1047,26.1936,26.2572,25.7804,25.8432,25.8764,25.8674,25.9354,25.9377,26.2144,26.0552,26.5459,26.7515,26.9671,27.3333
26945.0,5.0,12.636,0.995,48.396,25.7856,25.7063,25.7064,25.7699,25.8188,25.447,25.4827,25.4914,25.4654,25.4877,25.4639,25.6235,25.532,25.8023,25.8911,25.9798,26.1147
27628.0,5.0,12.636,0.995,48.396,26.1942,26.1205,26.1295,26.2096,26.2779,25.8813,25.929,25.9483,25.9301,25.9703,25.9563,26.1607,26.0435,26.3934,26.5242,26.6527,26.8496
27888.0,5.0,12.636,0.995,48.396,26.2729,26.1925,26.2016,26.285,26.3465,25.9024,25.9496,25.9705,25.955,26.0078,25.9984,26.226,26.0945,26.4927,26.6502,26.8066,27.0524
28110.0,5.0,12.636,0.995,48.396,26.2786,26.2396,26.299,26.4174,26.5086,26.1048,26.1678,26.2183,26.2218,26.2872,26.3143,26.5965,26.4427,26.8745,27.0632,27.2558,27.5494
28418.0,5.0,12.636,0.995,48.396,26.5455,26.4474,26.459,26.5483,26.6092,26.1354,26.1972,26.2298,26.2218,26.2937,26.2947,26.5634,26.4079,26.8908,27.0877,27.2941,27.6474
28802.0,5.0,12.636,0.995,48.396,26.6869,26.613,26.6259,26.7136,26.7889,26.3727,26.4272,26.4525,26.4396,26.4915,26.4847,26.7167,26.5836,26.9844,27.1422,27.2999,27.5477
28918.0,5.0,12.636,0.995,48.396,26.2867,26.2379,26.2859,26.3905,26.4463,26.0014,26.0424,26.0762,26.0644,26.127,26.138,26.3797,26.2459,26.6224,26.7836,26.942,27.1733
29562.0,5.0,12.636,0.904,48.396,26.2345,26.1607,26.1741,26.2593,26.3382,25.9422,25.9981,26.0232,26.0091,26.0527,26.0457,26.2727,26.1441,26.5254,26.6725,26.8197,27.0463
29672.0,5.0,12.636,0.995,48.396,26.0279,25.955,25.9734,26.0668,26.16,25.7786,25.8503,25.8868,25.8803,25.935,25.9363,26.1871,26.0453,26.4703,26.6356,26.8062,27.0791
29780.0,5.0,12.636,0.995,48.396,26.7231,26.6164,26.6294,26.7125,26.7853,26.3506,26.4231,26.4605,26.4498,26.5011,26.5059,26.7829,26.6276,27.0917,27.2779,27.4752,27.7972
30532.0,5.0,12.636,0.995,48.396,26.8324,26.7663,26.8154,26.9216,26.977,26.4979,26.5452,26.5836,26.5751,26.6459,26.6639,26.9446,26.7889,27.2337,27.4317,27.6367,27.9531
30933.0,5.0,12.636,0.995,48.396,27.1494,27.0443,27.0489,27.1262,27.1707,26.6793,26.7259,26.7473,26.7292,26.7834,26.7758,27.0229,26.8805,27.3138,27.4912,27.6697,27.9559
31501.0,5.0,12.636,0.995,48.396,27.083,26.9474,26.9443,27.0159,27.0312,26.4869,26.5339,26.5572,26.5401,26.6093,26.602,26.8557,26.7069,27.1736,27.3611,27.5545,27.884
32884.0,5.0,12.636,0.904,48.396,26.6206,26.5321,26.5461,26.6368,26.7085,26.2586,26.3211,26.3533,26.3449,26.4096,26.4104,26.6756,26.5234,26.989,27.1792,27.3767,27.7048
34320.0,5.0,12.636,0.995,48.396,25.7245,25.6233,25.616,25.6704,25.6953,25.2641,25.2912,25.2956,25.2647,25.2884,25.263,25.4338,25.3352,25.6281,25.7304,25.8302,25.9811
34852.0,5.0,12.636,0.995,48.396,27.4994,27.3976,27.3997,27.4801,27.5102,26.9578,26.9892,27.0028,26.9812,27.0429,27.0308,27.2838,27.1349,27.5973,27.8036,28.0059,28.3359
36269.0,5.0,12.636,0.995,48.396,26.6855,26.6424,26.6939,26.8041,26.8693,26.4331,26.4802,26.5193,26.5115,26.5795,26.594,26.8441,26.7056,27.0965,27.2659,27.4337,27.6807
38051.0,5.0,12.636,0.995,48.396,26.6499,26.5867,26.6072,26.7085,26.8032,26.3831,26.4467,26.48,26.4741,26.5401,26.5414,26.8081,26.6546,27.1241,27.3257,27.5306,27.8668
38580.0,5.0,12.636,0.995,48.396,26.5758,26.4829,26.4939,26.5799,26.6438,26.1888,26.247,26.276,26.2643,26.3247,26.3221,26.5765,26.4303,26.8765,27.0561,27.2404,27.5419
38661.0,5.0,12.636,0.995,48.396,26.8034,26.7184,26.718,26.7855,26.8252,26.3843,26.413,26.42,26.3931,26.4267,26.4046,26.5929,26.4835,26.8112,26.9353,27.0537,27.2324
39737.0,5.0,12.636,0.904,48.396,26.9786,26.8785,26.8749,26.9384,26.9676,26.5022,26.533,26.5418,26.5152,26.5519,26.5319,26.7289,26.6147,26.9575,27.0869,27.2123,27.4038
40323.0,5.0,12.636,0.995,48.396,26.6469,26.5582,26.5744,26.6679,26.7464,26.3154,26.3872,26.4257,26.4214,26.4914,26.4961,26.7673,26.6118,27.0901,27.2805,27.4825,27.8264
41984.0,5.0,12.636,0.995,48.396,26.9763,26.8647,26.8614,26.9271,26.9517,26.4529,26.486,26.4975,26.4716,26.5155,26.4985,26.7172,26.5902,26.9754,27.1283,27.2771,27.5089
42817.0,5.0,12.636,0.995,48.396,27.0338,26.938,26.9409,27.019,27.0569,26.5452,26.5802,26.5946,26.5737,26.6288,26.6161,26.8533,26.7148,27.1394,27.3186,27.4937,27.7716
42995.0,5.0,12.636,0.995,48.396,27.0294,26.938,26.9467,27.0336,27.088,26.5992,26.6489,26.6736,26.6605,26.7267,26.7214,26.9748,26.8271,27.2839,27.4744,27.6673,27.9855
43246.0,5.0,12.636,0.995,48.396,26.2367,26.1568,26.1648,26.2464,26.3053,25.8587,25.9006,25.9178,25.8984,25.9461,25.9331,26.1563,26.0271,26.418,26.5756,26.7287,26.9668
43748.0,5.0,12.636,0.995,48.396,26.806,26.7414,26.7565,26.8477,26.93,26.5266,26.5809,26.6061,26.5947,26.6476,26.6407,26.8696,26.7381,27.134,27.2904,27.4457,27.6887
51529.0,5.0,12.636,0.995,48.396,27.3832,27.2843,27.2853,27.3617,27.3926,26.8584,26.8877,26.8989,26.8755,26.9296,26.9154,27.1549,27.0146,27.4452,27.6321,27.8132,28.0995
