0.0,5.0,12.636,0.995,48.396,22.9432,22.8188,22.7867,22.8337,22.899,22.5984,22.6227,22.5896,22.4879,22.4471,22.3678,22.528,22.4221,22.7395,22.8371,22.9416,23.0947
1.0,5.0,12.636,0.995,48.396,22.8582,22.6982,22.6418,22.65,22.6475,22.2988,22.2854,22.2336,22.1274,22.0714,21.9889,22.1017,22.0258,22.2541,22.3181,22.3852,22.4836
2.0,5.0,12.636,0.904,48.396,26.011,25.9021,25.873,25.8854,25.8771,25.5411,25.5411,25.5211,25.47,25.4448,25.397,25.4756,25.4295,25.5658,25.5982,25.6354,25.6947
3.0,5.0,12.636,0.995,48.396,26.0842,25.9717,25.9242,25.9118,25.8687,25.5238,25.4956,25.4574,25.3954,25.3577,25.2978,25.3445,25.314,25.4105,25.4308,25.4555,25.4976
1228.0,5.0,12.636,0.995,48.396,22.4788,22.2759,22.1968,22.1931,22.1334,21.6357,21.6058,21.5541,21.4478,21.4022,21.3231,21.4519,21.3671,21.632,21.7218,21.8034,21.9249
2102.0,5.0,12.636,0.995,48.396,23.3706,23.2316,23.1883,23.2163,23.2492,22.9364,22.9429,22.9011,22.7981,22.7484,22.6675,22.798,22.7112,22.9713,23.0458,23.1248,23.2408
2103.0,5.0,12.636,0.995,48.396,24.4029,24.2912,24.2811,24.3259,24.3501,23.9604,23.9933,23.9989,23.9654,23.9751,23.9482,24.1021,24.0151,24.2687,24.3478,24.4288,24.5517
3119.0,5.0,12.636,0.995,48.396,23.2735,23.1417,23.1008,23.1336,23.1745,22.8643,22.8739,22.8342,22.7319,22.6841,22.6035,22.7386,22.6487,22.9184,22.9972,23.0803,23.2021
3120.0,5.0,12.636,0.904,48.396,23.8542,23.7682,23.7719,23.8375,23.8981,23.5522,23.6031,23.621,23.5982,23.6184,23.6001,23.7716,23.6755,23.9552,24.0437,24.1355,24.2756
4232.0,5.0,12.636,0.904,48.396,22.9483,22.7221,22.6572,22.6849,22.649,22.0963,22.0916,22.0539,21.9501,21.9236,21.8515,22.0407,21.9199,22.3013,22.4461,22.5815,22.7905
4906.0,5.0,12.636,0.995,48.396,23.0405,22.8829,22.8196,22.8129,22.796,22.4723,22.4476,22.3897,22.283,22.218,22.1327,22.2179,22.1586,22.338,22.3828,22.432,22.5055
4908.0,5.0,12.636,0.995,48.396,26.628,26.5004,26.4298,26.3809,26.3034,25.9876,25.9334,25.8764,25.8002,25.7371,25.6651,25.6758,25.6648,25.7079,25.7099,25.719,25.7401
5663.0,5.0,12.636,0.995,48.396,22.5894,22.5054,22.486,22.5489,22.6607,22.4586,22.5064,22.4846,22.388,22.3475,22.2662,22.4254,22.3182,22.6356,22.7283,22.8328,22.9842
6099.0,5.0,12.636,0.995,48.396,23.2939,23.164,23.1263,23.1647,23.2137,22.901,22.9152,22.8776,22.7752,22.7305,22.6504,22.7967,22.6997,22.9907,23.0785,23.1709,23.3062
6712.0,5.0,12.636,0.904,48.396,23.8942,23.8373,23.8495,23.9273,24.0164,23.7311,23.788,23.809,23.7913,23.8096,23.7923,23.9539,23.8638,24.1233,24.2046,24.2887,24.415
6713.0,5.0,12.636,0.995,48.396,26.3381,26.2546,26.2512,26.2754,26.2569,25.9027,25.8915,25.8753,25.8255,25.8072,25.7669,25.8475,25.8021,25.9273,25.962,26.0003,26.056
7371.0,5.0,12.636,0.995,48.396,23.335,23.2762,23.2959,23.3856,23.4923,23.1933,23.2681,23.3032,23.295,23.3286,23.325,23.5359,23.4195,23.7556,23.8718,23.9922,24.1747
7818.0,5.0,12.636,0.904,48.396,22.867,22.6834,22.6023,22.5875,22.5267,22.0615,22.0192,21.9589,21.8496,21.7948,21.7117,21.8191,21.7462,21.9725,22.0452,22.1128,22.2118
8136.0,5.0,12.636,0.995,48.396,24.7971,24.7885,24.8367,24.9365,25.0235,24.7634,24.8145,24.852,24.8446,24.8678,24.8642,24.9961,24.9261,25.1121,25.1731,25.2332,25.3174
8705.0,5.0,12.636,0.904,48.396,25.4635,25.4119,25.4377,25.5021,25.5386,25.2141,25.2348,25.2444,25.2153,25.2148,25.1945,25.3153,25.2504,25.424,25.4778,25.5332,25.6118
9094.0,5.0,12.636,0.995,48.396,24.5088,24.4007,24.4009,24.4622,24.5078,24.1052,24.1552,24.174,24.1497,24.1753,24.1604,24.3575,24.2469,24.5702,24.6809,24.7941,24.9667
9600.0,5.0,12.636,0.995,48.396,23.8934,23.8584,23.877,23.9621,24.0765,23.8688,23.9336,23.9577,23.944,23.9527,23.9353,24.0775,23.9998,24.2184,24.2819,24.3498,24.4506
10049.0,5.0,12.636,0.995,48.396,22.8357,22.6709,22.6089,22.6022,22.5867,22.2687,22.2462,22.1878,22.0805,22.015,21.9301,22.0182,21.9575,22.1398,22.184,22.2339,22.3086
10293.0,5.0,12.636,0.904,48.396,25.8125,25.7198,25.6945,25.7141,25.7141,25.3826,25.3796,25.3584,25.3083,25.2861,25.2373,25.3149,25.2686,25.4072,25.4427,25.4811,25.5415
10294.0,5.0,12.636,0.995,48.396,25.5384,25.5123,25.5482,25.63,25.6855,25.3819,25.4114,25.4308,25.4088,25.4223,25.407,25.5279,25.4624,25.6387,25.697,25.754,25.8335
10653.0,5.0,12.636,0.904,48.396,23.0567,23.0271,23.0592,23.1682,23.3176,23.098,23.1958,23.2468,23.2547,23.2987,23.3071,23.5352,23.4107,23.7674,23.8927,24.0243,24.2243
10871.0,5.0,12.636,0.995,48.396,24.7151,24.6648,24.6816,24.7649,24.868,24.6013,24.665,24.6902,24.6756,24.6929,24.6797,24.852,24.7574,25.0261,25.1131,25.2026,25.3346
11124.0,5.0,12.636,0.995,48.396,25.497,25.4507,25.4775,25.5454,25.5781,25.2361,25.2532,25.262,25.232,25.2396,25.2198,25.3442,25.2764,25.4595,25.5202,25.58,25.6636
11452.0,5.0,12.636,0.995,48.396,23.9127,23.8921,23.9261,24.0389,24.1944,23.9842,24.0802,24.1302,24.1401,24.187,24.195,24.4188,24.2959,24.649,24.7751,24.9057,25.1032
11703.0,5.0,12.636,0.904,48.396,24.5318,24.3777,24.3099,24.2943,24.267,23.958,23.927,23.8671,23.7617,23.6919,23.606,23.6732,23.6248,23.7735,23.8071,23.8454,23.9047
11873.0,5.0,12.636,0.995,48.396,26.3292,26.2506,26.2459,26.268,26.246,25.8936,25.8766,25.8564,25.8044,25.7829,25.7412,25.8164,25.7738,25.8915,25.9249,25.9604,26.0122
12234.0,5.0,12.636,0.995,48.396,23.4899,23.2895,23.1924,23.1367,23.0463,22.6824,22.6246,22.5527,22.4439,22.3667,22.2792,22.3251,22.29,22.4035,22.4273,22.4545,22.4994
12396.0,5.0,12.636,0.995,48.396,25.1615,25.1019,25.1352,25.2127,25.2527,24.8649,24.8931,24.9113,24.8884,24.9116,24.9041,25.0785,24.9839,25.2414,25.3346,25.4265,25.5554
12561.0,5.0,12.636,0.904,48.396,24.8698,24.7716,24.7512,24.7771,24.7873,24.4596,24.4697,24.4567,24.4112,24.3933,24.3503,24.4415,24.3888,24.5435,24.5824,24.6257,24.6937
12791.0,5.0,12.636,0.904,48.396,24.361,24.2941,24.2979,24.3587,24.4293,24.1551,24.1989,24.2084,24.1798,24.1759,24.1494,24.2801,24.2083,24.4109,24.4685,24.5303,24.6221
13037.0,5.0,12.636,0.995,48.396,24.278,24.1746,24.1639,24.2084,24.2325,23.8537,23.882,23.8842,23.8498,23.8578,23.8279,23.9694,23.8887,24.1251,24.197,24.2708,24.3832
13613.0,5.0,12.636,0.995,48.396,24.6733,24.5984,24.6025,24.669,24.7318,24.3947,24.4391,24.4526,24.4284,24.4458,24.4243,24.5847,24.4943,24.7573,24.8414,24.9271,25.0562
13867.0,5.0,12.636,0.995,48.396,24.8134,24.6495,24.5889,24.5896,24.575,24.2266,24.2078,24.1541,24.0485,23.9897,23.9069,24.0087,23.9399,24.1482,24.205,24.2641,24.3521
14025.0,5.0,12.636,0.995,48.396,25.0824,25.0231,25.0252,25.0863,25.1516,24.8715,24.9068,24.9114,24.8821,24.8824,24.8515,24.9696,24.9027,25.0964,25.1513,25.2091,25.2969
14236.0,5.0,12.636,0.995,48.396,25.8036,25.7123,25.6935,25.7211,25.7361,25.4178,25.4269,25.413,25.3673,25.3474,25.304,25.3929,25.3416,25.4914,25.5296,25.5718,25.6372
14524.0,5.0,12.636,0.995,48.396,26.0519,25.953,25.9208,25.9296,25.9163,25.585,25.5736,25.5463,25.4917,25.4621,25.4094,25.4752,25.4353,25.5558,25.5847,25.6172,25.6694
14808.0,5.0,12.636,0.995,48.396,24.5728,24.5097,24.5198,24.594,24.676,24.3749,24.4286,24.4475,24.4276,24.4444,24.4264,24.5902,24.499,24.7614,24.8448,24.9305,25.0588
15025.0,5.0,12.636,0.995,48.396,22.8518,22.683,22.5722,22.4844,22.3814,22.1159,22.0336,21.9479,21.838,21.7379,21.6431,21.6295,21.6282,21.6477,21.6388,21.6398,21.6506
15211.0,5.0,12.636,0.995,48.396,25.69,25.6486,25.6754,25.7423,25.7811,25.4714,25.4918,25.5021,25.473,25.4741,25.4519,25.5605,25.5017,25.6597,25.7079,25.7576,25.8282
15483.0,5.0,12.636,0.995,48.396,25.9988,25.9311,25.9362,25.9742,25.9641,25.601,25.5935,25.5826,25.5367,25.5307,25.4954,25.5859,25.5348,25.6759,25.7193,25.7636,25.8266
15716.0,5.0,12.636,0.995,48.396,25.1942,25.1218,25.1274,25.1953,25.2638,24.9425,24.9906,25.0059,24.9826,24.9981,24.9773,25.1364,25.0472,25.3054,25.3866,25.47,25.5957
15936.0,5.0,12.636,0.995,48.396,24.0749,23.8949,23.8178,23.7911,23.7396,23.3895,23.3507,23.2875,23.1803,23.1112,23.0259,23.0965,23.0467,23.2008,23.2378,23.2776,23.3395
16043.0,5.0,12.636,0.904,48.396,25.8982,25.9329,26.0171,26.1263,26.2111,26.0137,26.0481,26.061,26.0557,26.0864,26.072,26.0897,26.0803,26.0997,26.1047,26.1094,26.1211
16281.0,5.0,12.636,0.995,48.396,24.8542,24.7532,24.7374,24.7728,24.7881,24.4241,24.4417,24.4357,24.3957,24.3921,24.3558,24.4748,24.4066,24.6059,24.6636,24.7234,24.8145
16493.0,5.0,12.636,0.995,48.396,25.7441,25.655,25.6337,25.66,25.6679,25.3341,25.3365,25.3192,25.2725,25.2557,25.2099,25.2959,25.245,25.3964,25.4366,25.4793,25.5458
16798.0,5.0,12.636,0.995,48.396,26.1618,26.0731,26.0675,26.0913,26.0614,25.6753,25.661,25.6444,25.5937,25.5851,25.5461,25.6344,25.584,25.724,25.7659,25.81,25.873
17006.0,5.0,12.636,0.995,48.396,26.1134,26.0838,26.1039,26.1602,26.1935,25.9366,25.946,25.9462,25.9098,25.8915,25.8571,25.9192,25.885,25.9781,26.001,26.0275,26.068
17298.0,5.0,12.636,0.995,48.396,24.4986,24.3949,24.3937,24.459,24.4941,24.046,24.0862,24.1009,24.0779,24.1175,24.1013,24.303,24.1869,24.5354,24.6617,24.7878,24.9838
17455.0,5.0,12.636,0.995,48.396,24.9405,24.9164,24.9657,25.0667,25.1512,24.844,24.8977,24.9371,24.9315,24.9628,24.9668,25.1413,25.0484,25.2974,25.3854,25.4723,25.5943
17856.0,5.0,12.636,0.995,48.396,24.7518,24.7137,24.7282,24.8072,24.9088,24.6823,24.7356,24.752,24.7329,24.7381,24.7154,24.8472,24.7743,24.981,25.0414,25.1049,25.1993
18062.0,5.0,12.636,0.995,48.396,25.1427,25.0436,25.0047,25.0017,24.9798,24.6808,24.6608,24.626,24.5662,24.5241,24.4653,24.5061,24.4798,24.5631,24.5767,24.5971,24.6338
18366.0,5.0,12.636,0.904,48.396,25.1204,25.0371,25.0291,25.0752,25.1117,24.7851,24.8105,24.8091,24.7731,24.7705,24.7361,24.8537,24.7866,24.9821,25.0376,25.0958,25.1846
18812.0,5.0,12.636,0.904,48.396,26.4581,26.3486,26.3059,26.3001,26.2655,25.9293,25.908,25.8741,25.8152,25.7813,25.7236,25.7732,25.7413,25.8421,25.8622,25.8877,25.9318
19362.0,5.0,12.636,0.995,48.396,25.7061,25.5969,25.5578,25.5566,25.529,25.1879,25.1705,25.1392,25.0814,25.0485,24.9933,25.0528,25.0161,25.1284,25.1539,25.1836,25.2324
19513.0,5.0,12.636,0.995,48.396,25.3145,25.2183,25.2089,25.2568,25.2824,24.8999,24.9263,24.928,24.8949,24.9074,24.8772,25.0181,24.9369,25.1771,25.2514,25.3267,25.4419
19668.0,5.0,12.636,0.904,48.396,25.5166,25.4228,25.4058,25.4372,25.4545,25.1275,25.1416,25.1316,25.0886,25.0748,25.034,25.1318,25.0755,25.2401,25.2829,25.3297,25.4025
19831.0,5.0,12.636,0.904,48.396,26.2317,26.1536,26.147,26.1668,26.1446,25.8064,25.79,25.7698,25.7171,25.6934,25.6493,25.7149,25.6773,25.782,25.8092,25.8404,25.8867
20479.0,5.0,12.636,0.995,48.396,25.8745,25.7904,25.7718,25.8005,25.8168,25.5112,25.5181,25.5027,25.4571,25.4373,25.3917,25.4712,25.4244,25.5636,25.5971,25.6352,25.6959
20684.0,5.0,12.636,0.995,48.396,24.8851,24.7915,24.7798,24.823,24.8469,24.4837,24.5057,24.5035,24.4668,24.4703,24.4361,24.5617,24.4891,24.703,24.7668,24.8318,24.931
20809.0,5.0,12.636,0.995,48.396,25.4722,25.3795,25.3727,25.4211,25.4576,25.1101,25.1423,25.1463,25.113,25.1172,25.0876,25.2236,25.1467,25.3705,25.4366,25.5055,25.6101
20949.0,5.0,12.636,0.995,48.396,25.7144,25.6592,25.6758,25.7286,25.7441,25.4072,25.4135,25.4127,25.3751,25.3712,25.3427,25.4439,25.3883,25.5393,25.5854,25.6328,25.7002
21127.0,5.0,12.636,0.995,48.396,25.7529,25.7135,25.734,25.7919,25.8198,25.5207,25.5305,25.5321,25.4964,25.4885,25.4585,25.5443,25.4972,25.625,25.6623,25.701,25.7569
21755.0,5.0,12.636,0.995,48.396,25.7785,25.7274,25.748,25.8067,25.8319,25.5057,25.5198,25.5249,25.4913,25.4914,25.4654,25.5696,25.5125,25.6672,25.7137,25.7625,25.8319
21873.0,5.0,12.636,0.995,48.396,26.0719,26.0415,26.0654,26.1278,26.1651,25.8884,25.9018,25.9061,25.8727,25.8631,25.8334,25.9131,25.8695,25.9875,26.0211,26.0562,26.1073
22093.0,5.0,12.636,0.995,48.396,23.8842,23.7872,23.7515,23.7522,23.7394,23.4552,23.4403,23.408,23.3488,23.3046,23.2468,23.2888,23.2624,23.3446,23.3573,23.3773,23.4132
22205.0,5.0,12.636,0.995,48.396,25.9616,25.8637,25.8591,25.883,25.8549,25.4576,25.4465,25.4315,25.3823,25.374,25.3374,25.4377,25.3813,25.5366,25.5841,25.6338,25.7042
22536.0,5.0,12.636,0.995,48.396,25.2426,25.1603,25.155,25.2068,25.2466,24.8974,24.9252,24.9267,24.8941,24.9001,24.8698,25.0042,24.9276,25.151,25.2193,25.2889,25.3936
22679.0,5.0,12.636,0.995,48.396,25.2276,25.0988,25.0606,25.0604,25.0327,24.6796,24.6745,24.6511,24.5961,24.5681,24.5175,24.5912,24.5475,24.6785,24.7079,24.7427,24.7997
22989.0,5.0,12.636,0.995,48.396,26.3645,26.2679,26.2544,26.2666,26.2254,25.8448,25.8235,25.8008,25.7456,25.7293,25.6857,25.7618,25.7179,25.8405,25.8747,25.9125,25.9674
23437.0,5.0,12.636,0.995,48.396,26.4224,26.3453,26.3355,26.3501,26.3253,26.0024,25.9825,25.9588,25.9039,25.8735,25.8262,25.8806,25.8491,25.9376,25.9583,25.9839,26.0233
23634.0,5.0,12.636,0.904,48.396,24.957,24.8409,24.8171,24.8414,24.8373,24.4544,24.4651,24.4547,24.4106,24.4046,24.3648,24.476,24.4115,24.6023,24.6559,24.7119,24.7985
23742.0,5.0,12.636,0.995,48.396,25.8655,25.7531,25.7173,25.7238,25.6976,25.3229,25.3114,25.2856,25.2326,25.2124,25.162,25.2402,25.1928,25.3361,25.3735,25.4134,25.4764
23960.0,5.0,12.636,0.995,48.396,26.3336,26.232,26.2179,26.2292,26.1843,25.7884,25.7651,25.7411,25.6856,25.6699,25.6275,25.7112,25.6634,25.7964,25.8356,25.8771,25.9367
24120.0,5.0,12.636,0.995,48.396,26.4001,26.3127,26.2965,26.3047,26.2592,25.8854,25.8553,25.8263,25.7673,25.7448,25.6974,25.763,25.7244,25.8334,25.8653,25.8984,25.9464
24273.0,5.0,12.636,0.995,48.396,25.7858,25.6605,25.6105,25.5952,25.544,25.1768,25.1495,25.1123,25.0506,25.0162,24.9576,25.0124,24.9775,25.0863,25.1109,25.1393,25.1867
24568.0,5.0,12.636,0.904,48.396,25.5445,25.4302,25.3988,25.4106,25.394,25.028,25.0256,25.0054,24.9549,24.9365,24.8894,24.9752,24.9243,25.0761,25.1152,25.1576,25.2244
24708.0,5.0,12.636,0.995,48.396,25.3721,25.2864,25.2675,25.2975,25.3103,24.9736,24.9775,24.9614,24.9159,24.9007,24.8566,24.9487,24.8947,25.054,25.0983,25.1444,25.2146
25069.0,5.0,12.636,0.995,48.396,26.2077,26.147,26.1534,26.1886,26.1958,25.901,25.8983,25.887,25.8423,25.8144,25.7753,25.8434,25.8061,25.9073,25.9318,25.961,26.0053
25849.0,5.0,12.636,0.904,48.396,26.6069,26.4897,26.4481,26.4207,26.3475,26.0013,25.9556,25.9117,25.842,25.7961,25.7367,25.7707,25.7491,25.8134,25.8249,25.8429,25.8729
26142.0,5.0,12.636,0.995,48.396,25.5437,25.4232,25.385,25.3881,25.3567,24.9746,24.9631,24.9374,24.8833,24.8624,24.8118,24.8917,24.8435,24.989,25.0272,25.0677,25.1316
26267.0,5.0,12.636,0.995,48.396,25.8381,25.7533,25.7408,25.7809,25.8063,25.4685,25.4845,25.4769,25.4372,25.4315,25.3932,25.5021,25.4391,25.6242,25.6771,25.7317,25.8151
26680.0,5.0,12.636,0.904,48.396,25.9686,25.8714,25.843,25.8573,25.8524,25.5329,25.5292,25.5067,25.4551,25.4286,25.378,25.446,25.4051,25.5287,25.5567,25.5895,25.6432
26806.0,5.0,12.636,0.995,48.396,25.9297,25.8184,25.7952,25.8207,25.8176,25.4331,25.442,25.4306,25.3868,25.3813,25.3413,25.4522,25.3876,25.5783,25.633,25.6894,25.776
26945.0,5.0,12.636,0.995,48.396,25.6145,25.5243,25.5021,25.5265,25.5324,25.2038,25.2059,25.188,25.1412,25.1231,25.0769,25.1586,25.1102,25.2546,25.2909,25.3309,25.3943
27628.0,5.0,12.636,0.995,48.396,25.8202,25.7227,25.6845,25.6828,25.6616,25.3566,25.3359,25.3011,25.241,25.1998,25.141,25.1853,25.157,25.2458,25.2627,25.285,25.3238
27888.0,5.0,12.636,0.995,48.396,25.9751,25.8771,25.8473,25.8616,25.8501,25.4981,25.4897,25.4656,25.4143,25.3933,25.3436,25.4204,25.374,25.5136,25.5499,25.5888,25.6499
28110.0,5.0,12.636,0.995,48.396,26.0167,25.9524,25.9628,26.0041,26.013,25.6885,25.689,25.6815,25.6397,25.6214,25.5882,25.678,25.6291,25.7609,25.7981,25.838,25.896
28418.0,5.0,12.636,0.995,48.396,26.2407,26.1291,26.1009,26.1186,26.1059,25.7346,25.7361,25.7192,25.6721,25.6609,25.6159,25.7079,25.6532,25.8175,25.8603,25.9064,25.9797
28802.0,5.0,12.636,0.995,48.396,26.2609,26.1609,26.1202,26.1146,26.0884,25.7815,25.7581,25.7215,25.6604,25.6175,25.5579,25.5992,25.5725,25.6568,25.672,25.6931,25.7301
28918.0,5.0,12.636,0.995,48.396,26.0072,25.9341,25.9339,25.9629,25.9473,25.5952,25.5825,25.5664,25.5171,25.5009,25.4617,25.5418,25.4966,25.6212,25.6573,25.6954,25.7504
29562.0,5.0,12.636,0.904,48.396,25.9454,25.8528,25.8269,25.8435,25.8442,25.5248,25.5207,25.4977,25.4461,25.4177,25.3684,25.4414,25.3984,25.5256,25.5568,25.5919,25.647
29672.0,5.0,12.636,0.995,48.396,25.7905,25.7015,25.6856,25.7182,25.7389,25.4206,25.4342,25.4236,25.3803,25.3647,25.3233,25.4183,25.3637,25.5234,25.5651,25.6105,25.6808
29780.0,5.0,12.636,0.995,48.396,26.3641,26.2444,26.2116,26.216,26.2016,25.8686,25.8672,25.8453,25.7909,25.7578,25.7092,25.7854,25.7416,25.8689,25.8979,25.9325,25.9873
30532.0,5.0,12.636,0.995,48.396,26.4423,26.3495,26.3357,26.3447,26.3106,25.9618,25.9398,25.9146,25.8586,25.8298,25.7836,25.8487,25.8116,25.9148,25.9408,25.9714,26.0173
30933.0,5.0,12.636,0.995,48.396,26.6257,26.5023,26.4489,26.4254,26.3729,26.036,26.0039,25.9621,25.8961,25.8499,25.7879,25.8272,25.8013,25.8837,25.8984,25.9189,25.9551
31501.0,5.0,12.636,0.995,48.396,26.5886,26.4469,26.3922,26.3715,26.3096,25.9302,25.9061,25.8713,25.81,25.7792,25.7211,25.7761,25.7408,25.8527,25.8758,25.9042,25.9532
32884.0,5.0,12.636,0.904,48.396,26.2502,26.1428,26.1089,26.115,26.0966,25.7578,25.7483,25.7221,25.6681,25.6401,25.5883,25.6559,25.6151,25.7383,25.7665,25.7994,25.853
34320.0,5.0,12.636,0.995,48.396,25.4875,25.376,25.3408,25.3469,25.3238,24.9615,24.9503,24.9241,24.8699,24.8456,24.7945,24.8702,24.8246,24.9618,24.9969,25.0348,25.0947
34852.0,5.0,12.636,0.995,48.396,26.8609,26.7364,26.6726,26.6363,26.5652,26.2175,26.1702,26.1194,26.0481,25.9975,25.93,25.9585,25.9374,26.0086,26.0215,26.0388,26.0705
36269.0,5.0,12.636,0.995,48.396,26.2783,26.1998,26.1842,26.191,26.158,25.8408,25.8134,25.7839,25.7251,25.6886,25.6373,25.6814,25.6552,25.7304,25.7465,25.7677,25.8016
38051.0,5.0,12.636,0.995,48.396,26.3137,26.2261,26.1996,26.2171,26.2162,25.8929,25.8852,25.8606,25.8086,25.7822,25.7313,25.8013,25.759,25.886,25.9181,25.9531,26.0081
38580.0,5.0,12.636,0.995,48.396,26.2222,26.1126,26.0785,26.085,26.0655,25.7186,25.7099,25.6846,25.6309,25.6048,25.5538,25.6251,25.5821,25.7115,25.7423,25.7773,25.8336
38661.0,5.0,12.636,0.995,48.396,26.3425,26.2337,26.1819,26.1609,26.1134,25.7935,25.7563,25.711,25.6439,25.5949,25.5302,25.5613,25.5394,25.6116,25.6238,25.6413,25.6734
39737.0,5.0,12.636,0.904,48.396,26.5309,26.413,26.3609,26.3404,26.2901,25.9512,25.9185,25.8767,25.8115,25.7674,25.7054,25.7453,25.7188,25.8036,25.8198,25.8411,25.8783
40323.0,5.0,12.636,0.995,48.396,26.2999,26.1935,26.1636,26.1756,26.165,25.8341,25.8323,25.8111,25.7602,25.7363,25.687,25.7589,25.7159,25.8457,25.8744,25.9087,25.9654
41984.0,5.0,12.636,0.995,48.396,26.4294,26.3014,26.2417,26.2098,26.1463,25.8064,25.7669,25.7204,25.6512,25.6015,25.5363,25.5688,25.5462,25.6208,25.6333,25.6514,25.6844
42817.0,5.0,12.636,0.995,48.396,26.5789,26.4635,26.4147,26.4009,26.3532,25.9905,25.9598,25.9206,25.858,25.8218,25.7623,25.8146,25.7809,25.8861,25.9112,25.9391,25.9847
42995.0,5.0,12.636,0.995,48.396,26.4984,26.3829,26.3306,26.3101,26.26,25.9287,25.8957,25.8535,25.7884,25.7442,25.6812,25.7165,25.6923,25.7717,25.7852,25.8045,25.8398
43246.0,5.0,12.636,0.995,48.396,25.941,25.8433,25.813,25.8265,25.8138,25.4593,25.448,25.4219,25.3688,25.346,25.295,25.3723,25.3255,25.4663,25.5048,25.5444,25.6058
43748.0,5.0,12.636,0.995,48.396,26.413,26.3211,26.285,26.2864,26.2688,25.9649,25.9444,25.91,25.8512,25.8116,25.7535,25.7985,25.7697,25.8598,25.8774,25.9003,25.9397
51529.0,5.0,12.636,0.995,48.396,26.6768,26.5518,26.4825,26.4365,26.3597,26.0331,25.979,25.9228,25.8477,25.7879,25.7168,25.7318,25.7183,25.7685,25.7738,25.7851,25.8089
