0  124788692.34313206  46.19654577889769
1  244148209.9033243  46.48802408949868
2  19031634.4699887  45.36285184963032
3  23177203.156272896  45.46543157264325
1228  348049090.8611831  45.66364182752711
2102  124968608.49373823  46.19717147916485
2103  42794647.80915873  45.73176000169389
3119  126469264.54770766  46.20235553814569
3120  51748152.96056588  45.81426539831222
4232  117139635.13685198  44.89854148347804
4906  256938015.80068988  46.51019891108502
4908  19726833.208442915  45.067907117308074
5663  138752644.89095506  46.24261181547515
6099  110976445.76717609  46.14560135670744
6712  47740524.57257573  45.77925773183948
6713  14135525.084796613  44.76783010238242
7371  49437865.636063725  45.79443025795704
7818  296717770.5736438  46.46100533422787
8136  24825550.193983894  45.49526942740334
8705  19665224.94495984  45.39406946366379
9094  25977261.030646704  45.51496390347952
9600  49809607.56497404  45.797683665186874
10049  301882802.5315939  46.17993492450659
10293  21495110.025216397  45.43128530022622
10294  16126102.062724784  45.307899949256196
10653  45039801.671936035  45.75396701459466
10871  21654923.308579125  45.43592719512201
11124  18457577.09609871  45.33584632219681
11452  21358604.72535349  45.429943423629894
11703  83969526.10175835  45.952603610415075
11873  14744692.659822183  44.9993998216734
12234  275704100.37387395  46.54081377026035
12396  18067506.71417269  45.27300621020458
12561  43511695.90246794  45.73897655570815
12791  43978048.91057632  45.74360650306261
13037  50581718.35257516  45.80436412414661
13613  27417707.30014304  45.53840168089103
13867  53470520.568549074  45.82848495736355
14025  24962042.60463934  45.49765066521561
14236  19695314.799787674  45.308380220283574
14524  19641669.918316934  45.3935489534911
14808  27558725.97082006  45.54062968155228
15025  589904379.4988636  46.871152165536806
15211  16619519.184208509  45.320989000265676
15483  16808786.454830777  44.899733064619525
15716  17607310.450830255  45.317818893008244
15936  133106982.97942744  46.224571384888876
16043  14555078.454698972  45.015725564690335
16281  37099053.10791037  45.54567800222197
16493  21124684.943668798  45.425160785662534
16798  16183728.635201689  45.19155692697948
17006  14449176.429761264  45.1362539760527
17298  22880136.999014273  45.45982916566415
17455  17931440.721464224  45.353985729952754
17856  26761644.491956085  45.527883342249154
18062  48816438.27653737  45.78893663455198
18366  27360116.172986668  45.53748848221461
18812  16018501.884703517  45.13799796886593
19362  28652287.148003  45.55752984004615
19513  20458134.61700754  45.324726132579244
19668  23659813.751397558  45.47438186668341
19831  16620861.809986148  45.02020434741903
20479  18932056.749513984  45.37756834272864
20684  32877904.25725068  45.617274671548856
20809  18388069.89664063  45.364906691037014
20949  18603098.396583624  45.36995582828573
21127  18174774.995101724  45.07911502304532
21755  16605969.40486057  44.994678393806296
21873  13642347.48775162  45.06063094218056
22093  135511670.85940573  46.23234724528421
22205  18402563.8104354  45.1567427379097
22536  21925991.934380163  45.36347337992627
22679  40801473.655926295  45.711046394214286
22989  15224028.322150026  45.15049878880485
23437  15028507.63770582  44.70931297865493
23634  38010427.485772  45.68027329905815
23742  22532063.951412812  45.327692878655306
23960  15446079.291960383  44.94767110589736
24120  15639929.749937205  44.876391852378475
24273  29805155.865136445  45.574661942418494
24568  27755445.351558547  45.54371874533787
24708  27663800.938278742  45.5422823959853
25069  15165214.868485685  45.1189344557951
25849  17392169.170321938  45.27463790386379
26142  30111225.13380961  45.579098971106205
26267  16179609.459315892  45.0563050652873
26680  20090171.37408582  45.403354186519984
26806  16589027.615748007  44.96608365712536
26945  24234893.669079795  45.484811663707674
27628  27116458.595061913  45.53360351522961
27888  19534872.09346039  45.39118111710088
28110  16145590.544412376  45.20450188384901
28418  14431411.87957216  44.95594331866636
28802  19301188.61391256  45.28753361367719
28918  18279370.913682945  45.36233179048598
29562  19926446.216257364  45.39980039643777
29672  18780709.527254738  45.36341681879327
29780  15032144.54241229  45.070207503123285
30532  14917598.155667828  45.03959415462963
30933  15965600.280863281  45.09053482495931
31501  15577298.942661881  44.9955833243024
32884  16804120.561728325  45.060260827801926
34320  31367037.802767463  45.596844052445995
34852  14544331.003874123  44.79817891235603
36269  18325140.48939236  45.25702731488051
38051  14624497.577906039  44.9430372803202
38580  16967856.460563004  45.17239987493421
38661  20399067.675596386  45.409980863886766
39737  16977438.51221286  45.33024271135957
40323  15226428.937040444  44.986557234243065
41984  20184977.939597115  45.31999437418355
42817  15180615.32320552  45.126082883151376
42995  17628457.343878385  45.00512384054079
43246  20211778.898320045  45.40597508385431
43748  16065282.18909834  45.23222380599054
51529  18482285.706809763  45.04692820171466
