0  12478869.234313207  44.19654577889769
1  24414820.990332432  44.48802408949868
2  1903163.44699887  43.37984663297446
3  2317720.3156272895  43.46543157264325
1228  34804909.08611831  44.6420110487955
2102  12496860.849373823  44.19717147916485
2103  4279464.780915873  43.73176000169389
3119  12646926.454770766  44.20235553814569
3120  5174815.296056588  43.81426539831222
4232  11713963.513685199  44.16907441208372
4906  25693801.580068987  44.51019891108502
4908  1972683.3208442915  43.39542791772484
5663  13875264.489095507  44.24261181547515
6099  11097644.57671761  44.14560135670744
6712  4774052.4572575735  43.77925773183948
6713  1413552.5084796613  43.250682490747785
7371  4943786.563606372  43.79443025795704
7818  29671777.057364378  44.57271410232406
8136  2482555.0193983894  43.49526942740334
8705  1966522.4944959842  43.39406946366379
9094  2597726.10306467  43.51496390347952
9600  4980960.756497404  43.797683665186874
10049  30188280.253159393  44.580208918232195
10293  2149511.0025216397  43.432710217563006
10294  1612610.2062724784  43.307899949256196
10653  4503980.167193604  43.75396701459466
10871  2165492.3308579125  43.43592719512201
11124  1845757.709609871  43.36654523623565
11452  2135860.472535349  43.429943423629894
11703  8396952.610175835  44.0244922472855
11873  1474469.2659822183  43.269006269612404
12234  27570410.037387393  44.54081377026035
12396  1806750.671417269  43.35726876989837
12561  4351169.590246794  43.73897655570815
12791  4397804.891057632  43.74360650306261
13037  5058171.835257516  43.80436412414661
13613  2741770.730014304  43.53840168089103
13867  5347052.056854907  43.82848495736355
14025  2496204.260463934  43.49765066521561
14236  1969531.4799787675  43.394733471857954
14524  1964166.9918316936  43.3935489534911
14808  2755872.5970820063  43.54062968155228
15025  58990437.94988636  44.871152165536806
15211  1661951.9184208508  43.320989000265676
15483  1680878.6454830777  43.32590690489878
15716  1760731.0450830255  43.34606356686734
15936  13310698.297942745  44.224571384888876
16043  1455507.8454698971  43.26338509583029
16281  3709905.3107910375  43.66973337022432
16493  2112468.4943668796  43.425160785662534
16798  1618372.863520169  43.30944913279785
17006  1444917.6429761264  43.260213639116486
17298  2288013.699901427  43.45982916566415
17455  1793144.0721464225  43.353985729952754
17856  2676164.4491956085  43.527883342249154
18062  4881643.827653738  43.78893663455198
18366  2736011.617298667  43.53748848221461
18812  1601850.1884703517  43.30499244178276
19362  2865228.7148003  43.55752984004615
19513  2045813.461700754  43.41123657710988
19668  2365981.3751397557  43.47438186668341
19831  1662086.1809986148  43.32102408379657
20479  1893205.6749513985  43.37756834272864
20684  3287790.425725068  43.617274671548856
20809  1838806.9896640629  43.364906691037014
20949  1860309.8396583623  43.36995582828573
21127  1817477.4995101723  43.359839588087944
21755  1660596.940486057  43.3206347785535
21873  1364234.748775162  43.235259652480345
22093  13551167.085940573  44.23234724528421
22205  1840256.38104354  43.36524887742924
22536  2192599.1934380163  43.44132979513206
22679  4080147.365592629  43.711046394214286
22989  1522402.8322150025  43.2829001283407
23437  1502850.763770582  43.27728640149367
23634  3801042.7485772  43.68027329905815
23742  2253206.395141281  43.45317152031474
23960  1544607.9291960383  43.28918880506265
24120  1563992.9749937204  43.29460534311996
24273  2980515.5865136445  43.574661942418494
24568  2775544.5351558547  43.54371874533787
24708  2766380.0938278744  43.5422823959853
25069  1516521.4868485685  43.28121911311318
25849  1739216.9170321939  43.34072429618016
26142  3011122.513380961  43.579098971106205
26267  1617960.9459315892  43.30933857959338
26680  2009017.1374085823  43.403354186519984
26806  1658902.7615748006  43.32019147523526
26945  2423489.3669079794  43.484811663707674
27628  2711645.859506191  43.53360351522961
27888  1953487.2093460388  43.39118111710088
28110  1614559.0544412376  43.30842447960479
28418  1443141.187957216  43.25967936696032
28802  1930118.861391256  43.385954599854266
28918  1827937.0913682943  43.36233179048598
29562  1992644.6216257364  43.39980039643777
29672  1878070.9527254738  43.37408254081925
29780  1503214.454241229  43.27739148821258
30532  1491759.8155667828  43.27406944923884
30933  1596560.0280863282  43.30355579707324
31501  1557729.8942661881  43.292862699609856
32884  1680412.0561728326  43.32578633385506
34320  3136703.7802767465  43.596844052445995
34852  1454433.1003874124  43.26306429490086
36269  1832514.048939236  43.36341785795509
38051  1462449.757790604  43.265451500015985
38580  1696785.6460563005  43.32999752673114
38661  2039906.7675596385  43.409980863886766
39737  1697743.8512212862  43.33024271135957
40323  1522642.8937040444  43.282968605066245
41984  2018497.7939597117  43.405398824218544
42817  1518061.532320552  43.28165992050158
42995  1762845.7343878385  43.346584854220374
43246  2021177.8898320044  43.40597508385431
43748  1606528.218909834  43.30625890352
51529  1848228.5706809764  43.36712622458122
