0  1247886.9234313206  42.190014934345186
1  2441482.099033243  41.87416995946608
2  190316.344699887  40.34816253271422
3  231772.03156272895  40.675199916825015
1228  3480490.9086118313  39.68757807268677
2102  1249686.0849373823  42.436429556285695
2103  427946.4780915873  42.129894964594264
3119  1264692.6454770765  42.30183582146398
3120  517481.52960565884  42.21244743573264
4232  1171396.35136852  38.89854148347804
4906  2569380.1580068986  41.83327387711041
4908  197268.33208442916  39.742691783319366
5663  1387526.4489095507  42.50066036295947
6099  1109764.457671761  41.15171666619112
6712  477405.2457257573  42.097431367691826
6713  141355.25084796612  39.28728318044511
7371  494378.6563606372  41.18242576844629
7818  2967177.705736438  41.35160203255973
8136  248255.50193983893  41.812275091806626
8705  196652.24944959843  41.30176202490072
9094  259772.61030646702  41.19749078878904
9600  498096.07564974035  42.19586569702834
10049  3018828.0253159394  40.78196639720903
10293  214951.10025216397  40.43216584931748
10294  161261.02062724784  40.377149597348804
10653  450398.01671936037  42.15210194547287
10871  216549.23308579126  40.65870794161336
11124  184575.7709609871  40.30745287458601
11452  213586.0472535349  41.81282119674897
11703  839695.2610175835  40.883020439972704
11873  147446.92659822182  39.73209884016244
12234  2757041.0037387395  42.578274868720065
12396  180675.0671417269  40.191049116938835
12561  435116.9590246794  41.354598907424695
12791  439780.4891057632  42.061160304070185
13037  505817.18352575164  42.202546224895805
13613  274177.0730014304  41.24946691557702
13867  534705.2056854907  41.75538103364066
14025  249620.4260463934  41.22207401571932
14236  196953.14799787675  40.22433243513724
14524  196416.69918316934  40.66382815913627
14808  275587.25970820064  41.1496764657365
15025  5899043.794988636  42.69170424029054
15211  166195.19184208507  40.33243716852166
15483  168087.86454830779  39.47586469076833
15716  176073.10450830255  40.29187968557719
15936  1331069.8297942744  42.62275346582207
16043  145550.78454698971  39.77037149997843
16281  370990.53107910376  40.423928100647665
16493  211246.84943668795  40.49129560370118
16798  161837.2863520169  40.075970187589164
17006  144491.76429761265  40.01459977941697
17298  228801.3699901427  40.870158776147626
17455  179314.40721464224  40.69026119122765
17856  267616.44491956086  41.49781454250537
18062  488164.3827653738  42.01769405056399
18366  273601.1617298667  41.31491563199995
18812  160185.0188470352  39.97330896237716
19362  286522.87148003  41.15293626773238
19513  204581.3461700754  40.24052115447665
19668  236598.13751397555  40.78494498955023
19831  166208.6180998615  39.72169007746954
20479  189320.56749513984  40.51532154230137
20684  328779.0425725068  41.40049009657514
20809  183880.6989664063  40.743327301845106
20949  186030.98396583623  40.54339425253783
21127  181747.74995101723  39.80069592443074
21755  166059.69404860568  39.67102747548716
21873  136423.47487751622  39.88830769830883
22093  1355116.7085940572  42.63057054680534
22205  184025.638104354  39.950542064818215
22536  219259.91934380162  40.28792243114852
22679  408014.7365592629  41.73534527834247
22989  152240.28322150026  40.02040291569706
23437  150285.0763770582  39.143645022244236
23634  380104.27485772  41.54859775825127
23742  225320.63951412812  40.20451970342392
23960  154460.79291960382  39.608458873160124
24120  156399.29749937204  39.46048382806504
24273  298051.55865136447  40.797385199573974
24568  277554.45351558545  41.01729199202818
24708  276638.00938278745  41.471937695133526
25069  151652.14868485686  39.958955264905065
25849  173921.69170321937  40.21085697797547
26142  301112.2513380961  41.338438505641
26267  161796.09459315892  39.80557701740927
26680  200901.71374085822  40.47102303363468
26806  165890.27615748005  39.614281305443505
26945  242348.93669079794  41.654528336883395
27628  271164.58595061913  40.6741594813329
27888  195348.7209346039  40.44191742759069
28110  161455.90544412375  40.102884754521284
28418  144314.11879572162  39.65451273680044
28802  193011.88613912562  40.19141809392817
28918  182793.70913682942  40.49672727056058
29562  199264.46216257365  40.56982581361754
29672  187807.0952725474  40.35505656319533
29780  150321.4454241229  39.865328984462046
30532  149175.98155667828  39.80742432644848
30933  159656.00280863282  39.879819319273444
31501  155772.98942661882  39.700609415422996
32884  168041.20561728327  39.79704078817683
34320  313670.3780276746  41.54619153365877
34852  145443.31003874124  39.33559899623924
36269  183251.4048939236  40.152942238233976
38051  146244.9757790604  39.62292852705246
38580  169678.56460563006  40.017107689565314
38661  203990.67675596385  40.5742017712248
39737  169774.38512212862  40.494200189129444
40323  152264.28937040444  39.69245132984794
41984  201849.77939597116  40.236895390576606
42817  151806.1532320552  39.972811312229226
42995  176284.57343878385  39.665968293289254
43246  202117.78898320044  40.52530275262464
43748  160652.8218909834  40.16049417488914
51529  184822.85706809763  39.72903564527615
